setid: 6
volid: 2
frameid: 210
name: 06002000210
num: 6
label: people
pos: 234.359437 193.962398 35.501668 15.441839
occl: 0
lock: 0
posv: 0.000000 0.000000 0.000000 0.000000
label: person
pos: 576.036791 195.145983 53.569596 57.320242
occl: 1
lock: 1
posv: 628.695497 195.145983 0.910891 57.320242
label: person
pos: 469.299495 174.447404 16.987538 45.750797
occl: 1
lock: 1
posv: 470.145971 174.447404 15.199244 21.533250
label: person
pos: 501.122295 180.953764 11.768793 34.616958
occl: 1
lock: 1
posv: 501.850046 180.953764 0.485149 30.434526
label: person
pos: 489.294342 183.419224 11.816258 31.875417
occl: 1
lock: 1
posv: 497.759644 185.566366 0.618628 27.367682
label: person
pos: 477.814959 178.301539 13.383608 38.917751
occl: 1
lock: 1
posv: 483.193858 178.301539 0.572447 38.261752
