setid: 6
volid: 9
frameid: 270
name: 06009000270
num: 1
label: person
pos: 564.491888 217.844561 22.103740 36.517434
occl: 0
lock: 0
posv: 0.000000 0.000000 0.000000 0.000000
