setid: 6
volid: 2
frameid: 660
name: 06002000660
num: 1
label: person
pos: 500.427493 181.432793 18.660421 49.617417
occl: 1
lock: 0
posv: 502.275396 181.432793 14.691432 21.771323
