setid: 6
volid: 6
frameid: 450
name: 06006000450
num: 1
label: person?
pos: 87.611111 211.359903 9.275362 27.053140
occl: 1
lock: 0
posv: 93.617311 211.359903 1.000000 27.053140
