setid: 6
volid: 1
frameid: 1050
name: 06001001050
num: 2
label: person
pos: 476.984432 198.404798 9.640171 31.690631
occl: 0
lock: 0
posv: 0.000000 0.000000 0.000000 0.000000
label: person
pos: 598.737743 176.623096 25.127046 70.269640
occl: 1
lock: 1
posv: 599.458581 178.667306 18.608023 67.417322
