setid: 6
volid: 0
frameid: 120
name: 06000000120
num: 2
label: person-fa
pos: 171.501206 183.627658 9.809716 26.437448
occl: 0
lock: 0
posv: 0.000000 0.000000 0.000000 0.000000
label: person-fa
pos: 188.807602 188.220555 7.338633 24.048470
occl: 0
lock: 0
posv: 0.000000 0.000000 0.000000 0.000000
