setid: 6
volid: 0
frameid: 60
name: 06000000060
num: 2
label: person-fa
pos: 171.501206 183.627658 9.809716 26.140470
occl: 0
lock: 0
posv: 0.000000 0.000000 0.000000 0.000000
label: person-fa
pos: 188.570628 187.705909 7.990599 24.708689
occl: 0
lock: 0
posv: 0.000000 0.000000 0.000000 0.000000
