setid: 6
volid: 5
frameid: 1830
name: 06005001830
num: 1
label: person
pos: 250.468741 165.239802 18.241546 49.776254
occl: 1
lock: 0
posv: 250.642879 165.239802 12.217445 49.336759
