setid: 6
volid: 1
frameid: 780
name: 06001000780
num: 2
label: person
pos: 428.247586 170.949145 27.040282 51.921882
occl: 0
lock: 0
posv: 0.000000 0.000000 0.000000 0.000000
label: person
pos: 353.161126 175.166211 16.991396 29.819594
occl: 1
lock: 0
posv: 363.894150 178.270941 1.000000 24.030995
