setid: 6
volid: 2
frameid: 780
name: 06002000780
num: 7
label: person
pos: 465.575972 182.676098 18.911942 56.633462
occl: 0
lock: 0
posv: 0.000000 0.000000 0.000000 0.000000
label: person
pos: 511.445948 182.985010 18.219896 50.683903
occl: 0
lock: 0
posv: 0.000000 0.000000 0.000000 0.000000
label: person
pos: 540.982947 174.246595 17.795284 56.745211
occl: 0
lock: 0
posv: 0.000000 0.000000 0.000000 0.000000
label: person
pos: 561.176121 171.992405 24.079072 58.985411
occl: 0
lock: 0
posv: 0.000000 0.000000 0.000000 0.000000
label: person
pos: 579.354993 152.938837 37.234884 118.192525
occl: 1
lock: 0
posv: 579.354993 152.938837 37.234884 118.192525
label: person
pos: 458.257731 179.477212 20.003637 47.052879
occl: 1
lock: 0
posv: 458.257731 179.477212 14.054990 45.061682
label: person
pos: 491.315610 179.788616 17.009457 46.727168
occl: 0
lock: 0
posv: 0.000000 0.000000 0.000000 0.000000
