setid: 6
volid: 1
frameid: 150
name: 06001000150
num: 2
label: person
pos: 609.637234 183.732145 26.810446 59.500813
occl: 0
lock: 0
posv: 0.000000 0.000000 0.000000 0.000000
label: person
pos: 495.348900 182.419178 20.084454 43.353930
occl: 0
lock: 0
posv: 0.000000 0.000000 0.000000 0.000000
