setid: 6
volid: 2
frameid: 690
name: 06002000690
num: 5
label: person
pos: 61.711339 190.877081 12.352232 31.652593
occl: 0
lock: 0
posv: 0.000000 0.000000 0.000000 0.000000
label: person
pos: 587.224585 194.151127 17.589530 43.514902
occl: 0
lock: 0
posv: 0.000000 0.000000 0.000000 0.000000
label: person
pos: 31.567866 195.851830 12.085956 35.512666
occl: 0
lock: 0
posv: 0.000000 0.000000 0.000000 0.000000
label: person
pos: 571.214142 172.490489 20.711918 62.351301
occl: 1
lock: 0
posv: 571.471300 172.490489 20.454759 46.098687
label: person
pos: 533.313774 176.408729 20.885741 60.698703
occl: 1
lock: 0
posv: 535.160840 176.408729 15.036881 17.950620
