setid: 6
volid: 1
frameid: 1170
name: 06001001170
num: 1
label: person
pos: 535.357143 187.728938 17.269841 49.723443
occl: 1
lock: 0
posv: 536.161161 188.096874 15.779093 20.138446
