setid: 6
volid: 2
frameid: 1500
name: 06002001500
num: 5
label: person
pos: 413.831301 178.523370 10.431648 30.314622
occl: 0
lock: 0
posv: 0.000000 0.000000 0.000000 0.000000
label: person
pos: 439.203698 181.198166 11.636134 28.012410
occl: 0
lock: 0
posv: 0.000000 0.000000 0.000000 0.000000
label: person
pos: 425.334882 181.498146 10.336855 28.197240
occl: 0
lock: 0
posv: 0.000000 0.000000 0.000000 0.000000
label: person
pos: 396.929739 181.966203 9.044491 21.823901
occl: 0
lock: 0
posv: 0.000000 0.000000 0.000000 0.000000
label: person
pos: 503.086350 139.975848 61.691750 181.057247
occl: 0
lock: 0
posv: 0.000000 0.000000 0.000000 0.000000
