setid: 6
volid: 6
frameid: 210
name: 06006000210
num: 1
label: person
pos: 465.728735 167.686157 12.170302 35.991453
occl: 0
lock: 0
posv: 0.000000 0.000000 0.000000 0.000000
