setid: 6
volid: 6
frameid: 540
name: 06006000540
num: 1
label: person
pos: 161.527828 209.726709 8.149231 20.158465
occl: 1
lock: 0
posv: 166.533528 209.726709 1.000000 20.158465
