setid: 6
volid: 4
frameid: 1350
name: 06004001350
num: 1
label: person
pos: 424.074879 166.297101 8.502415 19.364194
occl: 1
lock: 0
posv: 428.657326 166.337624 1.000000 19.323671
