setid: 6
volid: 8
frameid: 750
name: 06008000750
num: 2
label: person
pos: 442.068627 185.388207 7.526684 23.664450
occl: 0
lock: 0
posv: 0.000000 0.000000 0.000000 0.000000
label: person
pos: 447.541080 183.683887 8.388853 24.581202
occl: 0
lock: 0
posv: 0.000000 0.000000 0.000000 0.000000
