setid: 6
volid: 3
frameid: 150
name: 06003000150
num: 1
label: person
pos: 577.465494 188.146650 32.207261 74.492786
occl: 0
lock: 1
posv: 0.000000 0.000000 0.000000 0.000000
