setid: 6
volid: 3
frameid: 90
name: 06003000090
num: 1
label: person
pos: 541.285332 183.074671 27.983818 64.613063
occl: 0
lock: 0
posv: 0.000000 0.000000 0.000000 0.000000
