setid: 6
volid: 8
frameid: 720
name: 06008000720
num: 2
label: person
pos: 430.303922 183.741148 7.076556 20.847741
occl: 0
lock: 0
posv: 0.000000 0.000000 0.000000 0.000000
label: person
pos: 437.633818 182.140899 7.879855 20.522757
occl: 0
lock: 0
posv: 0.000000 0.000000 0.000000 0.000000
