setid: 6
volid: 7
frameid: 90
name: 06007000090
num: 1
label: person
pos: 111.388411 199.838157 8.772947 25.280201
occl: 1
lock: 0
posv: 112.198918 199.838157 7.805500 19.174213
