setid: 6
volid: 1
frameid: 1080
name: 06001001080
num: 1
label: person
pos: 514.364774 195.063492 7.694444 34.326809
occl: 0
lock: 0
posv: 0.000000 0.000000 0.000000 0.000000
