setid: 6
volid: 6
frameid: 600
name: 06006000600
num: 1
label: person
pos: 123.250862 208.303980 11.418524 23.679505
occl: 1
lock: 1
posv: 123.997983 208.303980 7.953225 16.689569
