setid: 6
volid: 4
frameid: 690
name: 06004000690
num: 1
label: person
pos: 460.321506 164.663098 11.171088 25.590293
occl: 1
lock: 0
posv: 461.208950 164.663098 10.283643 7.850125
