setid: 6
volid: 4
frameid: 1590
name: 06004001590
num: 1
label: person
pos: 44.773970 181.463436 14.039414 37.558711
occl: 0
lock: 0
posv: 0.000000 0.000000 0.000000 0.000000
