setid: 6
volid: 8
frameid: 1350
name: 06008001350
num: 1
label: person
pos: 497.934366 181.767332 27.289764 63.358209
occl: 1
lock: 0
posv: 497.934366 181.806165 18.423910 63.319376
