setid: 6
volid: 8
frameid: 450
name: 06008000450
num: 1
label: person
pos: 478.626229 190.064621 15.526286 49.741643
occl: 1
lock: 0
posv: 478.979064 190.064621 14.839342 32.498733
