setid: 6
volid: 1
frameid: 1320
name: 06001001320
num: 1
label: person
pos: 95.843788 193.793124 11.580217 22.502357
occl: 1
lock: 1
posv: 101.332159 194.993244 0.336634 21.302236
