setid: 6
volid: 5
frameid: 210
name: 06005000210
num: 1
label: person
pos: 68.378297 193.219651 10.252523 21.484721
occl: 1
lock: 0
posv: 74.756315 194.969245 1.000000 14.302328
