setid: 6
volid: 8
frameid: 1140
name: 06008001140
num: 2
label: person
pos: 34.916621 202.235006 11.801405 28.705618
occl: 1
lock: 1
posv: 43.560662 202.235006 0.425743 27.051169
label: person
pos: 381.986351 189.078319 9.496204 20.869565
occl: 0
lock: 0
posv: 0.000000 0.000000 0.000000 0.000000
