setid: 6
volid: 1
frameid: 390
name: 06001000390
num: 1
label: people
pos: 174.271707 189.237955 8.809716 13.819343
occl: 0
lock: 0
posv: 0.000000 0.000000 0.000000 0.000000
