setid: 6
volid: 1
frameid: 810
name: 06001000810
num: 2
label: person
pos: 436.557740 170.373140 32.277556 68.642850
occl: 0
lock: 0
posv: 0.000000 0.000000 0.000000 0.000000
label: person
pos: 376.336844 173.318806 1.000000 37.073943
occl: 1
lock: 0
posv: 376.336844 173.318806 1.000000 37.073943
