setid: 6
volid: 0
frameid: 210
name: 06000000210
num: 2
label: person-fa
pos: 197.613557 182.699491 11.465449 26.683816
occl: 0
lock: 0
posv: 0.000000 0.000000 0.000000 0.000000
label: person-fa
pos: 217.915933 186.134321 4.915412 25.319224
occl: 0
lock: 0
posv: 0.000000 0.000000 0.000000 0.000000
