setid: 6
volid: 8
frameid: 1050
name: 06008001050
num: 3
label: person
pos: 73.600725 201.750150 9.168573 26.715902
occl: 0
lock: 0
posv: 0.000000 0.000000 0.000000 0.000000
label: person
pos: 62.297101 197.717391 11.169082 29.913043
occl: 0
lock: 0
posv: 0.000000 0.000000 0.000000 0.000000
label: person
pos: 127.965126 197.938422 10.403239 22.393973
occl: 0
lock: 0
posv: 0.000000 0.000000 0.000000 0.000000
