setid: 6
volid: 1
frameid: 180
name: 06001000180
num: 2
label: person
pos: 620.720850 208.128895 19.779150 58.954105
occl: 0
lock: 0
posv: 0.000000 0.000000 0.000000 0.000000
label: person
pos: 506.563950 200.596685 20.011050 41.963505
occl: 0
lock: 0
posv: 0.000000 0.000000 0.000000 0.000000
