setid: 6
volid: 1
frameid: 300
name: 06001000300
num: 1
label: person
pos: 614.663775 189.006091 23.514041 54.552281
occl: 0
lock: 0
posv: 0.000000 0.000000 0.000000 0.000000
