setid: 6
volid: 8
frameid: 90
name: 06008000090
num: 2
label: person
pos: 399.678744 186.190821 10.995169 31.739130
occl: 1
lock: 0
posv: 399.678744 191.734218 10.995169 1.047151
label: person
pos: 396.217910 187.266046 9.275362 31.690821
occl: 1
lock: 0
posv: 400.166498 187.288582 1.000000 30.658129
