setid: 6
volid: 6
frameid: 1230
name: 06006001230
num: 1
label: person
pos: 391.297842 184.310906 11.632231 27.781793
occl: 1
lock: 0
posv: 396.975897 184.310906 1.000000 25.802338
