setid: 6
volid: 2
frameid: 1620
name: 06002001620
num: 4
label: person
pos: 438.928676 178.363552 14.026902 39.002000
occl: 0
lock: 0
posv: 0.000000 0.000000 0.000000 0.000000
label: person
pos: 468.634011 181.650183 13.410066 33.907582
occl: 0
lock: 0
posv: 0.000000 0.000000 0.000000 0.000000
label: person
pos: 451.787936 183.275626 13.478173 34.387752
occl: 0
lock: 0
posv: 0.000000 0.000000 0.000000 0.000000
label: person
pos: 401.291717 183.794946 9.971372 22.314222
occl: 0
lock: 0
posv: 0.000000 0.000000 0.000000 0.000000
