setid: 6
volid: 8
frameid: 1020
name: 06008001020
num: 3
label: person
pos: 109.651727 198.037396 7.350245 22.871593
occl: 0
lock: 0
posv: 0.000000 0.000000 0.000000 0.000000
label: person
pos: 103.189050 195.957181 10.083443 26.055336
occl: 0
lock: 0
posv: 0.000000 0.000000 0.000000 0.000000
label: person
pos: 144.450684 196.088806 8.683180 20.458147
occl: 0
lock: 0
posv: 0.000000 0.000000 0.000000 0.000000
