setid: 6
volid: 2
frameid: 240
name: 06002000240
num: 6
label: people
pos: 227.045616 194.158837 34.617227 17.373813
occl: 0
lock: 0
posv: 0.000000 0.000000 0.000000 0.000000
label: person
pos: 271.582303 191.197080 7.720145 15.440290
occl: 0
lock: 0
posv: 0.000000 0.000000 0.000000 0.000000
label: person
pos: 506.368355 172.472960 21.598570 48.790842
occl: 1
lock: 0
posv: 507.546110 175.091998 18.094095 19.570418
label: person
pos: 517.964418 179.140041 15.085848 41.729660
occl: 1
lock: 0
posv: 524.010176 180.655322 1.000000 35.711000
label: person
pos: 508.785412 182.411025 12.761571 35.000266
occl: 1
lock: 0
posv: 514.400145 182.509849 1.000000 29.865924
label: person
pos: 496.784916 179.133977 14.513872 40.020715
occl: 1
lock: 0
posv: 501.745565 179.133977 1.000000 27.441412
