setid: 6
volid: 2
frameid: 750
name: 06002000750
num: 3
label: person
pos: 443.899962 182.984922 15.107310 48.244029
occl: 0
lock: 0
posv: 0.000000 0.000000 0.000000 0.000000
label: person
pos: 435.972554 182.767086 13.707546 35.980293
occl: 0
lock: 1
posv: 0.000000 0.000000 0.000000 0.000000
label: person
pos: 461.277044 180.996984 14.349340 37.667746
occl: 1
lock: 1
posv: 461.277044 180.996984 14.349340 37.667746
