setid: 6
volid: 4
frameid: 660
name: 06004000660
num: 1
label: person
pos: 444.171498 170.422143 10.821256 22.155151
occl: 1
lock: 1
posv: 444.171498 170.422143 10.821256 9.081420
