setid: 6
volid: 3
frameid: 30
name: 06003000030
num: 1
label: person
pos: 540.873212 183.894455 26.457365 64.013267
occl: 0
lock: 0
posv: 0.000000 0.000000 0.000000 0.000000
