setid: 6
volid: 8
frameid: 510
name: 06008000510
num: 5
label: person
pos: 575.251358 186.392054 15.030229 52.329566
occl: 0
lock: 0
posv: 0.000000 0.000000 0.000000 0.000000
label: person
pos: 574.649641 183.344835 1.000000 56.755754
occl: 1
lock: 0
posv: 574.649641 183.344835 1.000000 56.755754
label: person
pos: 545.651550 182.567633 15.767834 47.748792
occl: 1
lock: 0
posv: 545.651550 182.567633 15.767834 47.748792
label: person
pos: 489.559702 180.939106 17.569438 42.504514
occl: 1
lock: 0
posv: 490.401868 180.939106 15.714472 18.193889
label: person
pos: 504.653026 181.997524 18.416908 55.385234
occl: 1
lock: 0
posv: 508.040124 181.997524 13.240125 55.385234
