setid: 6
volid: 2
frameid: 360
name: 06002000360
num: 4
label: people
pos: 197.801159 192.867701 17.039111 22.455286
occl: 0
lock: 0
posv: 0.000000 0.000000 0.000000 0.000000
label: person
pos: 219.928888 195.136073 7.511434 16.669832
occl: 0
lock: 0
posv: 0.000000 0.000000 0.000000 0.000000
label: person
pos: 512.392380 179.254696 13.407907 37.228417
occl: 1
lock: 0
posv: 512.694489 179.254696 11.526877 18.528593
label: person
pos: 523.027541 172.948733 19.503822 49.717732
occl: 1
lock: 0
posv: 523.027541 174.931309 16.707835 20.191882
