setid: 6
volid: 2
frameid: 1530
name: 06002001530
num: 5
label: person
pos: 416.464166 179.872454 10.635761 31.798555
occl: 0
lock: 0
posv: 0.000000 0.000000 0.000000 0.000000
label: person
pos: 440.645579 182.875363 11.956329 28.801913
occl: 0
lock: 0
posv: 0.000000 0.000000 0.000000 0.000000
label: person
pos: 428.336531 182.965758 10.920596 29.097182
occl: 0
lock: 0
posv: 0.000000 0.000000 0.000000 0.000000
label: person
pos: 394.542847 183.867487 9.206942 21.471457
occl: 0
lock: 0
posv: 0.000000 0.000000 0.000000 0.000000
label: person
pos: 516.478261 142.288084 71.071827 192.138162
occl: 0
lock: 0
posv: 0.000000 0.000000 0.000000 0.000000
