setid: 6
volid: 2
frameid: 1020
name: 06002001020
num: 2
label: person
pos: 88.370087 187.697338 12.120728 28.168695
occl: 1
lock: 0
posv: 88.779917 188.270970 11.272472 11.340183
label: person
pos: 96.040553 189.410504 11.599996 25.499835
occl: 1
lock: 0
posv: 96.180012 190.942479 8.274448 9.278643
