setid: 6
volid: 8
frameid: 120
name: 06008000120
num: 2
label: person
pos: 386.635266 189.379227 12.057537 33.188406
occl: 1
lock: 0
posv: 387.665413 192.191727 11.027389 5.534540
label: person
pos: 408.052529 186.269745 9.275362 31.886755
occl: 1
lock: 0
posv: 412.142310 186.465679 1.000000 31.690821
