setid: 6
volid: 7
frameid: 120
name: 06007000120
num: 1
label: person
pos: 56.526117 200.903643 13.990338 31.904914
occl: 1
lock: 0
posv: 56.662402 200.903643 13.108737 19.773698
