setid: 6
volid: 2
frameid: 450
name: 06002000450
num: 5
label: people
pos: 151.641134 191.361279 42.460796 23.160434
occl: 0
lock: 0
posv: 0.000000 0.000000 0.000000 0.000000
label: people
pos: 117.297529 189.622600 18.398979 26.064096
occl: 0
lock: 1
posv: 0.000000 0.000000 0.000000 0.000000
label: person
pos: 141.888034 190.636720 9.587075 22.836086
occl: 0
lock: 0
posv: 0.000000 0.000000 0.000000 0.000000
label: person
pos: 236.446924 187.617008 10.036188 22.098914
occl: 0
lock: 0
posv: 0.000000 0.000000 0.000000 0.000000
label: person
pos: 519.534392 174.024812 17.041163 40.730439
occl: 1
lock: 0
posv: 519.534392 174.581289 14.813868 15.230869
