setid: 6
volid: 0
frameid: 1470
name: 06000001470
num: 1
label: person
pos: 115.022366 169.654971 7.991294 22.896523
occl: 0
lock: 1
posv: 0.000000 0.000000 0.000000 0.000000
