setid: 6
volid: 6
frameid: 1200
name: 06006001200
num: 1
label: person
pos: 204.189697 187.939614 11.841656 24.965490
occl: 1
lock: 1
posv: 209.561020 187.939614 0.366337 23.188406
