setid: 6
volid: 2
frameid: 1440
name: 06002001440
num: 6
label: person
pos: 410.666541 176.737541 10.155746 27.477787
occl: 0
lock: 0
posv: 0.000000 0.000000 0.000000 0.000000
label: person
pos: 434.761628 177.239896 11.058507 26.781770
occl: 0
lock: 0
posv: 0.000000 0.000000 0.000000 0.000000
label: person
pos: 421.174747 177.882651 9.271999 26.727087
occl: 0
lock: 0
posv: 0.000000 0.000000 0.000000 0.000000
label: person
pos: 404.764682 179.276162 8.719590 21.855260
occl: 1
lock: 0
posv: 408.159999 179.276162 1.000000 21.848905
label: person
pos: 611.679321 159.706394 28.820679 75.365496
occl: 1
lock: 0
posv: 621.069273 162.032727 19.430727 33.911089
label: person
pos: 513.440896 136.481954 55.514640 166.349407
occl: 0
lock: 0
posv: 0.000000 0.000000 0.000000 0.000000
