setid: 6
volid: 2
frameid: 1050
name: 06002001050
num: 4
label: person
pos: 46.380452 192.294694 15.933896 33.471865
occl: 1
lock: 0
posv: 49.307714 193.809834 13.006634 11.428904
label: person
pos: 61.331056 193.039827 11.463639 30.235349
occl: 1
lock: 0
posv: 61.374546 193.039827 9.378894 13.008252
label: person
pos: 318.271257 189.796313 8.106152 18.759952
occl: 0
lock: 0
posv: 0.000000 0.000000 0.000000 0.000000
label: person
pos: 299.398271 191.091074 7.720145 17.756333
occl: 0
lock: 0
posv: 0.000000 0.000000 0.000000 0.000000
