setid: 6
volid: 8
frameid: 1380
name: 06008001380
num: 1
label: person
pos: 560.298931 171.520680 30.618737 86.767977
occl: 0
lock: 0
posv: 0.000000 0.000000 0.000000 0.000000
