setid: 6
volid: 8
frameid: 1200
name: 06008001200
num: 1
label: person
pos: 408.400374 180.113527 8.460073 25.700483
occl: 0
lock: 0
posv: 0.000000 0.000000 0.000000 0.000000
