setid: 6
volid: 1
frameid: 60
name: 06001000060
num: 2
label: person
pos: 609.832212 178.389869 25.094015 62.072362
occl: 0
lock: 0
posv: 0.000000 0.000000 0.000000 0.000000
label: person
pos: 472.292528 179.687388 14.745535 44.510265
occl: 0
lock: 0
posv: 0.000000 0.000000 0.000000 0.000000
