setid: 6
volid: 6
frameid: 360
name: 06006000360
num: 1
label: person
pos: 597.125519 192.239642 26.402586 72.507417
occl: 0
lock: 0
posv: 0.000000 0.000000 0.000000 0.000000
