setid: 6
volid: 8
frameid: 600
name: 06008000600
num: 2
label: people
pos: 566.598608 166.243677 23.612875 34.713782
occl: 0
lock: 0
posv: 0.000000 0.000000 0.000000 0.000000
label: person
pos: 532.467766 163.515464 15.508295 36.816523
occl: 1
lock: 0
posv: 535.157649 165.270560 12.818412 18.152641
