setid: 6
volid: 0
frameid: 270
name: 06000000270
num: 3
label: person-fa
pos: 179.821143 189.234311 13.391135 31.072470
occl: 0
lock: 0
posv: 0.000000 0.000000 0.000000 0.000000
label: person-fa
pos: 206.067873 194.284011 5.392113 30.447561
occl: 0
lock: 0
posv: 0.000000 0.000000 0.000000 0.000000
label: person
pos: 71.282671 178.759296 29.646853 70.429923
occl: 0
lock: 1
posv: 0.000000 0.000000 0.000000 0.000000
