setid: 6
volid: 2
frameid: 1170
name: 06002001170
num: 2
label: person
pos: 202.350440 188.603777 14.327200 24.384362
occl: 1
lock: 1
posv: 202.350440 188.603777 0.533600 24.384362
label: person
pos: 343.430785 189.161037 14.762837 24.211547
occl: 1
lock: 1
posv: 357.803623 189.161037 0.390000 24.211547
