setid: 6
volid: 5
frameid: 1500
name: 06005001500
num: 1
label: person
pos: 418.449619 185.400361 17.892737 20.212432
occl: 1
lock: 0
posv: 418.449619 185.400361 17.892737 20.212432
