setid: 6
volid: 1
frameid: 330
name: 06001000330
num: 2
label: people
pos: 168.517382 192.564865 13.053433 23.468703
occl: 0
lock: 0
posv: 0.000000 0.000000 0.000000 0.000000
label: person
pos: 457.314379 190.338441 13.701697 37.512124
occl: 1
lock: 1
posv: 460.331661 192.228586 0.247525 15.598666
