setid: 6
volid: 4
frameid: 1470
name: 06004001470
num: 1
label: person
pos: 204.014545 162.694131 9.089855 21.858937
occl: 0
lock: 0
posv: 0.000000 0.000000 0.000000 0.000000
