setid: 6
volid: 2
frameid: 1680
name: 06002001680
num: 4
label: person
pos: 459.809441 180.297749 16.332395 44.055962
occl: 0
lock: 0
posv: 0.000000 0.000000 0.000000 0.000000
label: person
pos: 496.550371 184.917590 14.382229 26.776135
occl: 1
lock: 0
posv: 496.550371 184.917590 14.382229 26.776135
label: person
pos: 476.769709 185.255343 15.299688 38.235373
occl: 0
lock: 0
posv: 0.000000 0.000000 0.000000 0.000000
label: person
pos: 409.409953 187.307522 8.233721 22.316890
occl: 0
lock: 0
posv: 0.000000 0.000000 0.000000 0.000000
