setid: 6
volid: 1
frameid: 1290
name: 06001001290
num: 1
label: person
pos: 120.876899 196.704889 9.264174 20.844391
occl: 0
lock: 0
posv: 0.000000 0.000000 0.000000 0.000000
