setid: 6
volid: 3
frameid: 60
name: 06003000060
num: 1
label: person
pos: 540.731679 183.684346 27.726124 65.389285
occl: 0
lock: 0
posv: 0.000000 0.000000 0.000000 0.000000
