setid: 6
volid: 1
frameid: 240
name: 06001000240
num: 1
label: person
pos: 543.587877 209.019418 19.123958 46.310702
occl: 0
lock: 0
posv: 0.000000 0.000000 0.000000 0.000000
