setid: 6
volid: 1
frameid: 1620
name: 06001001620
num: 1
label: person
pos: 1.437757 173.050596 20.847107 56.148294
occl: 1
lock: 0
posv: 5.823180 173.050596 1.004608 37.505707
