setid: 6
volid: 8
frameid: 540
name: 06008000540
num: 5
label: people
pos: 488.396292 179.401786 21.666157 22.608696
occl: 0
lock: 0
posv: 0.000000 0.000000 0.000000 0.000000
label: person
pos: 594.785628 182.677794 20.752273 65.064125
occl: 1
lock: 1
posv: 594.785628 182.677794 20.752273 65.064125
label: person
pos: 610.763102 180.321256 21.338162 60.632814
occl: 1
lock: 0
posv: 610.763102 180.321256 21.338162 60.632814
label: person
pos: 510.970306 180.269927 23.621117 60.385162
occl: 1
lock: 0
posv: 510.970306 180.287949 22.622289 23.553912
label: person
pos: 546.277153 177.527923 20.207750 67.145990
occl: 1
lock: 0
posv: 550.334774 177.527923 16.150129 54.817829
