setid: 6
volid: 6
frameid: 330
name: 06006000330
num: 1
label: person
pos: 552.691831 181.086151 21.075684 64.206119
occl: 0
lock: 0
posv: 0.000000 0.000000 0.000000 0.000000
