setid: 6
volid: 2
frameid: 810
name: 06002000810
num: 6
label: person
pos: 516.557348 169.165508 20.044109 73.271465
occl: 0
lock: 0
posv: 0.000000 0.000000 0.000000 0.000000
label: person
pos: 562.303111 173.514085 20.035731 66.610401
occl: 0
lock: 0
posv: 0.000000 0.000000 0.000000 0.000000
label: person
pos: 588.296826 162.514097 19.572833 68.630737
occl: 0
lock: 0
posv: 0.000000 0.000000 0.000000 0.000000
label: person
pos: 602.510762 166.540444 27.621266 68.042432
occl: 0
lock: 0
posv: 0.000000 0.000000 0.000000 0.000000
label: person
pos: 501.438241 171.729170 17.894087 51.902314
occl: 0
lock: 0
posv: 0.000000 0.000000 0.000000 0.000000
label: person
pos: 541.841198 169.153252 20.688129 60.047286
occl: 0
lock: 0
posv: 0.000000 0.000000 0.000000 0.000000
