setid: 6
volid: 2
frameid: 1380
name: 06002001380
num: 3
label: person
pos: 401.029600 174.846901 9.379976 24.936068
occl: 0
lock: 0
posv: 0.000000 0.000000 0.000000 0.000000
label: person
pos: 422.893667 174.299369 10.688112 26.128401
occl: 0
lock: 0
posv: 0.000000 0.000000 0.000000 0.000000
label: person
pos: 410.939192 175.128219 8.388411 25.425981
occl: 0
lock: 0
posv: 0.000000 0.000000 0.000000 0.000000
