setid: 6
volid: 4
frameid: 1500
name: 06004001500
num: 1
label: person
pos: 181.197143 164.599683 10.017391 24.641546
occl: 0
lock: 0
posv: 0.000000 0.000000 0.000000 0.000000
