setid: 6
volid: 2
frameid: 300
name: 06002000300
num: 6
label: people
pos: 208.257052 194.999121 32.694864 21.107747
occl: 0
lock: 0
posv: 0.000000 0.000000 0.000000 0.000000
label: person
pos: 246.451457 193.268154 7.720145 15.440290
occl: 0
lock: 0
posv: 0.000000 0.000000 0.000000 0.000000
label: person
pos: 596.567235 170.171044 22.315166 56.466330
occl: 1
lock: 0
posv: 596.567235 171.222311 20.031738 28.206777
label: person
pos: 570.681307 171.689756 22.265840 53.749031
occl: 1
lock: 0
posv: 574.514176 171.767374 16.995990 26.271526
label: person
pos: 555.197691 171.907268 20.144430 53.714935
occl: 1
lock: 0
posv: 555.197691 171.907268 19.433717 26.709300
label: person
pos: 537.236672 175.106656 19.374439 49.109015
occl: 1
lock: 0
posv: 538.654886 175.106656 16.962341 19.317812
