setid: 6
volid: 3
frameid: 1650
name: 06003001650
num: 1
label: people
pos: 551.064673 173.941034 31.534733 26.365105
occl: 0
lock: 0
posv: 0.000000 0.000000 0.000000 0.000000
