setid: 6
volid: 2
frameid: 1770
name: 06002001770
num: 4
label: person
pos: 529.951197 176.068492 21.616405 62.172568
occl: 0
lock: 0
posv: 0.000000 0.000000 0.000000 0.000000
label: person
pos: 579.567786 179.734561 22.663480 37.944442
occl: 1
lock: 0
posv: 579.567786 179.734561 22.663480 37.944442
label: person
pos: 554.950665 180.089185 22.093415 54.842262
occl: 0
lock: 0
posv: 0.000000 0.000000 0.000000 0.000000
label: person
pos: 425.000920 187.207734 10.530229 24.348746
occl: 1
lock: 0
posv: 425.075422 187.644014 10.292623 11.676829
