setid: 6
volid: 7
frameid: 1380
name: 06007001380
num: 2
label: person
pos: 52.292386 192.347827 27.178135 59.714364
occl: 0
lock: 0
posv: 0.000000 0.000000 0.000000 0.000000
label: person
pos: 97.171261 201.976772 14.042503 40.764538
occl: 0
lock: 0
posv: 0.000000 0.000000 0.000000 0.000000
