setid: 6
volid: 4
frameid: 1560
name: 06004001560
num: 1
label: person
pos: 116.401780 176.162033 11.637849 31.519899
occl: 0
lock: 0
posv: 0.000000 0.000000 0.000000 0.000000
