setid: 6
volid: 8
frameid: 240
name: 06008000240
num: 2
label: person
pos: 415.027068 188.594346 11.711888 33.573850
occl: 1
lock: 0
posv: 422.526362 188.594346 1.000000 33.573850
label: person
pos: 416.764251 189.706280 9.275362 31.690821
occl: 1
lock: 0
posv: 421.501897 189.706280 1.000000 31.690821
