setid: 6
volid: 0
frameid: 900
name: 06000000900
num: 1
label: person
pos: 168.184964 151.688936 21.855902 68.124558
occl: 1
lock: 0
posv: 168.703035 159.889052 17.910229 27.017589
