setid: 6
volid: 8
frameid: 630
name: 06008000630
num: 1
label: person
pos: 583.608239 150.728080 16.924691 43.658834
occl: 1
lock: 0
posv: 584.661334 150.728080 15.871596 20.745083
