setid: 6
volid: 7
frameid: 1320
name: 06007001320
num: 2
label: person
pos: 354.365653 199.417863 12.269297 33.308084
occl: 0
lock: 0
posv: 0.000000 0.000000 0.000000 0.000000
label: person
pos: 326.611078 204.399603 8.351456 26.865557
occl: 1
lock: 0
posv: 326.611078 204.399603 8.351456 26.865557
