setid: 6
volid: 6
frameid: 630
name: 06006000630
num: 1
label: person
pos: 91.359728 204.487813 11.297453 25.755920
occl: 1
lock: 0
posv: 97.462049 204.487813 1.000000 23.311638
