setid: 6
volid: 9
frameid: 420
name: 06009000420
num: 2
label: person
pos: 532.196284 206.892137 48.037956 57.646635
occl: 0
lock: 0
posv: 0.000000 0.000000 0.000000 0.000000
label: person
pos: 569.489991 209.670822 32.474207 42.119057
occl: 1
lock: 0
posv: 569.489991 209.670822 32.474207 42.119057
