setid: 6
volid: 8
frameid: 900
name: 06008000900
num: 2
label: person
pos: 107.586354 185.550582 12.135640 28.839952
occl: 0
lock: 0
posv: 0.000000 0.000000 0.000000 0.000000
label: person
pos: 622.365699 172.506724 20.238317 74.231601
occl: 1
lock: 1
posv: 622.365699 172.506724 20.238317 74.231601
