setid: 6
volid: 1
frameid: 480
name: 06001000480
num: 1
label: person
pos: 168.136008 192.146799 13.595165 33.162484
occl: 1
lock: 0
posv: 168.136008 192.186763 12.808023 13.804973
