setid: 6
volid: 2
frameid: 1230
name: 06002001230
num: 2
label: person
pos: 117.468551 187.203690 16.723707 28.884905
occl: 0
lock: 0
posv: 0.000000 0.000000 0.000000 0.000000
label: person
pos: 383.572994 184.446531 15.529824 29.102315
occl: 0
lock: 0
posv: 0.000000 0.000000 0.000000 0.000000
