setid: 6
volid: 2
frameid: 390
name: 06002000390
num: 3
label: people
pos: 171.730068 188.235762 17.724327 25.458049
occl: 0
lock: 0
posv: 0.000000 0.000000 0.000000 0.000000
label: person
pos: 210.001285 190.301255 7.851063 18.514146
occl: 0
lock: 0
posv: 0.000000 0.000000 0.000000 0.000000
label: person
pos: 582.531228 163.456069 25.398815 66.735790
occl: 1
lock: 0
posv: 582.531228 166.299586 22.504630 25.928848
