setid: 6
volid: 7
frameid: 1290
name: 06007001290
num: 1
label: person
pos: 461.954436 204.100682 9.237666 26.186137
occl: 0
lock: 0
posv: 0.000000 0.000000 0.000000 0.000000
