setid: 6
volid: 1
frameid: 960
name: 06001000960
num: 1
label: person
pos: 492.221602 166.531337 64.102439 142.911660
occl: 0
lock: 0
posv: 0.000000 0.000000 0.000000 0.000000
