setid: 6
volid: 9
frameid: 390
name: 06009000390
num: 2
label: person
pos: 502.571330 197.847398 34.418617 43.478646
occl: 0
lock: 1
posv: 0.000000 0.000000 0.000000 0.000000
label: person
pos: 527.665916 203.145261 19.911422 25.384343
occl: 1
lock: 0
posv: 527.665916 203.145261 19.911422 25.384343
