setid: 6
volid: 8
frameid: 1170
name: 06008001170
num: 1
label: person
pos: 393.817392 182.998071 9.827467 23.188406
occl: 0
lock: 0
posv: 0.000000 0.000000 0.000000 0.000000
