setid: 6
volid: 8
frameid: 810
name: 06008000810
num: 2
label: person
pos: 472.734061 183.614879 9.120401 28.245795
occl: 1
lock: 0
posv: 478.024914 183.614879 1.000000 28.113708
label: person
pos: 482.516612 180.076688 10.655364 34.748136
occl: 1
lock: 0
posv: 484.859047 180.076688 1.000000 34.748136
