setid: 6
volid: 2
frameid: 480
name: 06002000480
num: 3
label: people
pos: 138.323884 190.203257 42.460796 23.160434
occl: 0
lock: 0
posv: 0.000000 0.000000 0.000000 0.000000
label: person?
pos: 137.050060 193.358866 9.264174 20.072376
occl: 0
lock: 0
posv: 0.000000 0.000000 0.000000 0.000000
label: person
pos: 213.865501 187.617008 10.036188 24.993969
occl: 0
lock: 0
posv: 0.000000 0.000000 0.000000 0.000000
