setid: 6
volid: 0
frameid: 1530
name: 06000001530
num: 1
label: people
pos: 3.072341 176.562541 6.602217 35.490565
occl: 1
lock: 0
posv: 3.072341 176.562541 6.602217 35.490565
