setid: 6
volid: 5
frameid: 1530
name: 06005001530
num: 1
label: person
pos: 429.717228 187.323232 21.730441 49.277535
occl: 0
lock: 0
posv: 0.000000 0.000000 0.000000 0.000000
