setid: 6
volid: 8
frameid: 930
name: 06008000930
num: 1
label: person
pos: 64.093879 183.601878 12.208528 33.402058
occl: 0
lock: 0
posv: 0.000000 0.000000 0.000000 0.000000
