setid: 6
volid: 8
frameid: 1110
name: 06008001110
num: 2
label: person
pos: 66.672268 202.106859 11.556810 27.129682
occl: 1
lock: 0
posv: 73.231990 202.106859 1.000000 25.005639
label: person
pos: 374.924451 187.530373 9.275362 19.323671
occl: 0
lock: 0
posv: 0.000000 0.000000 0.000000 0.000000
