setid: 6
volid: 6
frameid: 240
name: 06006000240
num: 1
label: person
pos: 478.372528 167.141889 15.476600 43.251291
occl: 0
lock: 0
posv: 0.000000 0.000000 0.000000 0.000000
