setid: 6
volid: 1
frameid: 750
name: 06001000750
num: 3
label: person
pos: 38.024823 186.684168 11.612495 25.279483
occl: 1
lock: 0
posv: 38.063160 186.684168 10.856220 12.252019
label: person
pos: 424.207500 181.114666 16.718994 40.410391
occl: 1
lock: 0
posv: 424.622916 181.391611 14.494492 23.710077
label: person
pos: 353.280476 185.241677 14.136724 27.652507
occl: 1
lock: 0
posv: 363.662414 188.213624 1.000000 15.631232
