setid: 6
volid: 3
frameid: 120
name: 06003000120
num: 1
label: person
pos: 547.439688 186.670872 30.521551 66.630917
occl: 0
lock: 0
posv: 0.000000 0.000000 0.000000 0.000000
