setid: 6
volid: 8
frameid: 780
name: 06008000780
num: 2
label: person
pos: 460.166951 184.638227 7.556692 24.093088
occl: 1
lock: 0
posv: 462.663159 184.638227 1.000000 24.093088
label: person
pos: 465.620410 181.973921 9.500982 29.632504
occl: 1
lock: 0
posv: 468.651601 181.973921 1.000000 29.632504
