setid: 6
volid: 8
frameid: 390
name: 06008000390
num: 3
label: person
pos: 478.449615 192.554430 15.749230 39.742040
occl: 1
lock: 0
posv: 478.449615 192.554430 13.814859 10.815131
label: person
pos: 470.369188 194.278744 13.296899 43.603615
occl: 1
lock: 0
posv: 477.330164 194.278744 1.000000 39.606903
label: person
pos: 457.808418 192.947636 12.490821 44.681269
occl: 1
lock: 0
posv: 461.810356 192.947636 1.000000 43.197810
