setid: 6
volid: 8
frameid: 420
name: 06008000420
num: 1
label: person
pos: 468.468594 195.351714 13.418357 46.517134
occl: 1
lock: 0
posv: 475.200050 195.351714 1.000000 46.517134
