setid: 6
volid: 8
frameid: 1290
name: 06008001290
num: 1
label: person
pos: 444.626824 185.935103 14.563697 37.996783
occl: 1
lock: 0
posv: 444.885269 185.935103 13.161925 14.963521
