setid: 6
volid: 1
frameid: 210
name: 06001000210
num: 1
label: person
pos: 519.947307 213.118738 21.601869 43.362100
occl: 0
lock: 0
posv: 0.000000 0.000000 0.000000 0.000000
