setid: 6
volid: 8
frameid: 1230
name: 06008001230
num: 1
label: person
pos: 416.500221 182.142512 13.232734 28.599034
occl: 1
lock: 0
posv: 418.173295 182.142512 11.559660 12.485356
