setid: 6
volid: 8
frameid: 330
name: 06008000330
num: 3
label: person
pos: 460.738832 187.770082 14.762424 32.729760
occl: 1
lock: 0
posv: 461.018279 187.770082 14.249694 14.255039
label: person
pos: 444.533230 190.913868 12.314574 37.622711
occl: 1
lock: 0
posv: 451.206445 190.913868 1.000000 37.622711
label: person
pos: 436.488065 192.589855 10.635749 36.559163
occl: 1
lock: 0
posv: 441.654583 192.589855 1.000000 36.559163
