setid: 6
volid: 1
frameid: 1680
name: 06001001680
num: 1
label: person
pos: 0.879426 177.396825 23.792506 52.944444
occl: 1
lock: 1
posv: 0.879426 177.396825 23.792506 52.944444
