setid: 6
volid: 1
frameid: 1530
name: 06001001530
num: 1
label: person
pos: 33.476691 169.319837 24.831043 46.905376
occl: 1
lock: 0
posv: 33.476691 169.562271 24.420135 24.165751
