setid: 6
volid: 1
frameid: 90
name: 06001000090
num: 2
label: person
pos: 607.602389 177.208984 28.548940 64.804160
occl: 0
lock: 0
posv: 0.000000 0.000000 0.000000 0.000000
label: person
pos: 479.984248 178.920972 17.426888 45.489718
occl: 1
lock: 0
posv: 484.935890 178.920972 1.000000 45.489718
