setid: 6
volid: 7
frameid: 1260
name: 06007001260
num: 1
label: person
pos: 510.102802 204.685344 7.626064 21.123530
occl: 0
lock: 0
posv: 0.000000 0.000000 0.000000 0.000000
