setid: 6
volid: 2
frameid: 1080
name: 06002001080
num: 3
label: person
pos: 554.279686 179.896864 19.904270 38.291918
occl: 1
lock: 0
posv: 554.279686 180.281155 17.293880 27.517712
label: person
pos: 302.978546 191.948769 10.333117 20.096131
occl: 0
lock: 0
posv: 0.000000 0.000000 0.000000 0.000000
label: person
pos: 310.811476 193.056991 10.962326 19.818096
occl: 0
lock: 0
posv: 0.000000 0.000000 0.000000 0.000000
