setid: 6
volid: 0
frameid: 1500
name: 06000001500
num: 1
label: people
pos: 49.542929 170.968368 17.069000 27.953053
occl: 1
lock: 0
posv: 49.542929 170.968368 17.069000 27.953053
