setid: 6
volid: 2
frameid: 900
name: 06002000900
num: 1
label: person
pos: 418.440579 175.497664 11.580217 25.476478
occl: 1
lock: 0
posv: 420.674757 175.638424 5.813000 22.831984
