setid: 6
volid: 1
frameid: 1800
name: 06001001800
num: 1
label: person
pos: 1.308765 178.127156 23.248468 54.114336
occl: 1
lock: 0
posv: 1.308765 178.127156 23.248468 54.114336
