setid: 6
volid: 7
frameid: 1350
name: 06007001350
num: 2
label: person
pos: 215.319908 197.000857 16.740339 43.345367
occl: 0
lock: 0
posv: 0.000000 0.000000 0.000000 0.000000
label: person
pos: 207.281977 203.797371 9.540530 32.942423
occl: 0
lock: 0
posv: 0.000000 0.000000 0.000000 0.000000
