setid: 6
volid: 1
frameid: 840
name: 06001000840
num: 2
label: person
pos: 480.914080 162.912545 43.921521 93.406917
occl: 0
lock: 1
posv: 0.000000 0.000000 0.000000 0.000000
label: person
pos: 377.296816 173.330633 18.344187 41.137077
occl: 0
lock: 0
posv: 0.000000 0.000000 0.000000 0.000000
