setid: 6
volid: 2
frameid: 120
name: 06002000120
num: 5
label: person
pos: 517.358112 167.348110 19.305941 62.652493
occl: 0
lock: 0
posv: 0.000000 0.000000 0.000000 0.000000
label: person
pos: 496.057097 169.287399 16.585187 60.779992
occl: 0
lock: 0
posv: 0.000000 0.000000 0.000000 0.000000
label: person
pos: 603.988668 176.533761 19.977544 58.777838
occl: 0
lock: 0
posv: 0.000000 0.000000 0.000000 0.000000
label: person
pos: 542.371017 170.586167 17.324005 53.793969
occl: 0
lock: 0
posv: 0.000000 0.000000 0.000000 0.000000
label: person
pos: 408.280152 187.935860 9.840670 25.952403
occl: 0
lock: 0
posv: 0.000000 0.000000 0.000000 0.000000
