setid: 6
volid: 2
frameid: 840
name: 06002000840
num: 3
label: person
pos: 583.120544 156.729746 23.606623 101.885592
occl: 0
lock: 0
posv: 0.000000 0.000000 0.000000 0.000000
label: person
pos: 558.304619 161.102699 23.483680 66.736264
occl: 0
lock: 0
posv: 0.000000 0.000000 0.000000 0.000000
label: person
pos: 618.016279 154.467565 22.483721 56.814778
occl: 1
lock: 1
posv: 618.016279 154.467565 22.483721 56.814778
