setid: 6
volid: 2
frameid: 1560
name: 06002001560
num: 5
label: person
pos: 419.961330 180.323264 11.766142 34.199703
occl: 0
lock: 0
posv: 0.000000 0.000000 0.000000 0.000000
label: person
pos: 445.039586 183.430649 12.428953 30.437447
occl: 0
lock: 0
posv: 0.000000 0.000000 0.000000 0.000000
label: person
pos: 432.571956 182.952935 11.753574 30.797899
occl: 0
lock: 0
posv: 0.000000 0.000000 0.000000 0.000000
label: person
pos: 392.884171 185.394192 9.415572 21.549010
occl: 0
lock: 0
posv: 0.000000 0.000000 0.000000 0.000000
label: person
pos: 557.176873 201.775928 58.198355 128.971750
occl: 1
lock: 0
posv: 584.156676 201.775928 1.269802 128.971750
