setid: 6
volid: 4
frameid: 1530
name: 06004001530
num: 1
label: person
pos: 152.515163 169.140875 10.944928 27.489555
occl: 1
lock: 0
posv: 157.104655 169.206275 1.000000 27.424155
