setid: 6
volid: 2
frameid: 180
name: 06002000180
num: 5
label: people
pos: 237.894451 194.298944 39.534025 13.896261
occl: 0
lock: 0
posv: 0.000000 0.000000 0.000000 0.000000
label: person
pos: 525.513036 188.844176 36.660054 54.968485
occl: 1
lock: 0
posv: 542.528282 196.047428 1.000000 46.889027
label: person
pos: 441.792975 184.906507 12.352098 31.601933
occl: 1
lock: 0
posv: 441.792975 184.906507 12.210483 18.830330
label: person
pos: 476.575670 182.899999 9.811296 32.380714
occl: 1
lock: 0
posv: 483.301749 182.899999 1.000000 30.962790
label: person
pos: 551.543795 177.699278 15.440290 57.396745
occl: 1
lock: 0
posv: 559.892324 177.699278 1.000000 57.239359
