setid: 6
volid: 2
frameid: 1470
name: 06002001470
num: 5
label: person
pos: 411.583295 178.990085 10.293697 28.896205
occl: 0
lock: 0
posv: 0.000000 0.000000 0.000000 0.000000
label: person
pos: 437.275609 179.289989 11.347321 27.397090
occl: 0
lock: 0
posv: 0.000000 0.000000 0.000000 0.000000
label: person
pos: 423.269666 179.690399 9.804427 27.462164
occl: 0
lock: 0
posv: 0.000000 0.000000 0.000000 0.000000
label: person
pos: 400.066457 181.191956 8.882041 21.723089
occl: 0
lock: 0
posv: 0.000000 0.000000 0.000000 0.000000
label: person
pos: 487.293325 135.936117 51.682326 177.645320
occl: 0
lock: 0
posv: 0.000000 0.000000 0.000000 0.000000
