setid: 6
volid: 8
frameid: 840
name: 06008000840
num: 2
label: person
pos: 500.489304 182.508859 12.563410 35.971625
occl: 1
lock: 0
posv: 506.982727 182.508859 1.000000 35.791734
label: person
pos: 509.398146 177.724884 11.809747 39.863768
occl: 0
lock: 0
posv: 0.000000 0.000000 0.000000 0.000000
