setid: 6
volid: 6
frameid: 30
name: 06006000030
num: 1
label: person
pos: 7.476634 181.038028 12.315620 30.840580
occl: 0
lock: 0
posv: 0.000000 0.000000 0.000000 0.000000
