setid: 6
volid: 2
frameid: 570
name: 06002000570
num: 3
label: person
pos: 553.179671 177.923690 16.216161 50.997747
occl: 1
lock: 1
posv: 553.496217 180.847487 10.944000 44.095875
label: person
pos: 576.449269 172.948733 19.505566 60.906779
occl: 0
lock: 0
posv: 0.000000 0.000000 0.000000 0.000000
label: person
pos: 563.216819 178.095547 17.798201 55.155893
occl: 1
lock: 0
posv: 572.374499 178.095547 1.130780 55.155893
