setid: 6
volid: 6
frameid: 480
name: 06006000480
num: 1
label: person?
pos: 63.484923 210.804826 10.354579 30.939278
occl: 1
lock: 0
posv: 67.920857 212.171737 1.000000 27.698043
