setid: 6
volid: 2
frameid: 510
name: 06002000510
num: 2
label: people
pos: 126.964897 188.689023 39.576236 23.160434
occl: 0
lock: 0
posv: 0.000000 0.000000 0.000000 0.000000
label: person
pos: 186.941496 189.064536 10.036188 25.476478
occl: 0
lock: 0
posv: 0.000000 0.000000 0.000000 0.000000
