setid: 6
volid: 8
frameid: 870
name: 06008000870
num: 3
label: person
pos: 139.723325 187.950797 10.825480 26.129619
occl: 0
lock: 0
posv: 0.000000 0.000000 0.000000 0.000000
label: person
pos: 548.792709 178.048728 14.412605 49.311175
occl: 1
lock: 0
posv: 548.792709 178.048728 13.053065 49.110815
label: person
pos: 556.727005 173.523789 15.600606 53.315563
occl: 0
lock: 1
posv: 0.000000 0.000000 0.000000 0.000000
