setid: 6
volid: 1
frameid: 1560
name: 06001001560
num: 1
label: person
pos: 3.703755 167.282227 30.510944 53.960116
occl: 1
lock: 0
posv: 3.703755 167.282227 30.510944 53.960116
