setid: 6
volid: 1
frameid: 1110
name: 06001001110
num: 1
label: person
pos: 571.928571 190.214076 12.911897 40.389394
occl: 0
lock: 1
posv: 0.000000 0.000000 0.000000 0.000000
