setid: 6
volid: 2
frameid: 150
name: 06002000150
num: 6
label: person
pos: 591.223231 159.211299 26.811147 88.468436
occl: 0
lock: 0
posv: 0.000000 0.000000 0.000000 0.000000
label: person
pos: 555.119444 162.347636 23.659045 77.371134
occl: 0
lock: 0
posv: 0.000000 0.000000 0.000000 0.000000
label: person
pos: 604.703051 169.387135 21.874235 66.547648
occl: 1
lock: 0
posv: 617.551356 169.387135 4.783851 66.547648
label: person
pos: 475.307284 190.428489 26.873456 40.329423
occl: 1
lock: 0
posv: 479.655981 190.428489 20.119102 38.066069
label: person
pos: 424.833979 185.631188 10.703283 21.870736
occl: 1
lock: 0
posv: 424.833979 185.631188 10.703283 21.870736
label: person
pos: 498.475868 179.065008 13.124246 47.378299
occl: 1
lock: 0
posv: 509.915087 179.065008 1.107224 47.248511
