setid: 6
volid: 2
frameid: 720
name: 06002000720
num: 2
label: person
pos: 576.601848 167.751004 22.767296 80.600369
occl: 1
lock: 0
posv: 578.185013 169.092888 16.333544 18.383220
label: person
pos: 421.671154 181.555548 11.498267 36.517174
occl: 0
lock: 0
posv: 0.000000 0.000000 0.000000 0.000000
