setid: 6
volid: 8
frameid: 270
name: 06008000270
num: 2
label: person
pos: 423.610153 188.998131 12.032847 34.493308
occl: 1
lock: 0
posv: 432.037529 188.998131 1.000000 34.493308
label: person
pos: 419.430918 190.706280 9.275362 31.690821
occl: 1
lock: 0
posv: 421.793982 190.706280 1.000000 31.690821
