setid: 6
volid: 2
frameid: 1290
name: 06002001290
num: 5
label: person
pos: 400.738038 179.433655 7.720145 21.616405
occl: 0
lock: 0
posv: 0.000000 0.000000 0.000000 0.000000
label: person
pos: 419.567882 182.020514 7.707488 18.578292
occl: 1
lock: 0
posv: 419.567882 182.020514 7.707488 18.578292
label: person
pos: 409.128015 180.878593 7.984235 21.845451
occl: 0
lock: 1
posv: 0.000000 0.000000 0.000000 0.000000
label: person
pos: 4.826906 188.107205 16.318821 34.570058
occl: 0
lock: 1
posv: 0.000000 0.000000 0.000000 0.000000
label: person
pos: 435.405609 177.667149 19.065312 36.260961
occl: 1
lock: 1
posv: 442.059470 177.667149 0.386139 24.611550
