setid: 6
volid: 4
frameid: 1440
name: 06004001440
num: 1
label: person
pos: 224.107431 163.174024 6.317403 18.083209
occl: 0
lock: 0
posv: 0.000000 0.000000 0.000000 0.000000
