setid: 6
volid: 6
frameid: 420
name: 06006000420
num: 1
label: person?
pos: 113.473143 210.586957 6.325489 27.053140
occl: 0
lock: 0
posv: 0.000000 0.000000 0.000000 0.000000
