setid: 6
volid: 1
frameid: 1710
name: 06001001710
num: 1
label: person
pos: 2.853282 174.800249 22.578590 57.132259
occl: 1
lock: 1
posv: 3.729550 174.858817 1.000000 56.766767
