setid: 6
volid: 1
frameid: 30
name: 06001000030
num: 2
label: person
pos: 610.612810 179.222048 24.595468 61.734285
occl: 0
lock: 0
posv: 0.000000 0.000000 0.000000 0.000000
label: person
pos: 461.883088 180.306223 18.164308 43.939809
occl: 1
lock: 0
posv: 461.883088 180.306223 14.659823 41.548228
