setid: 6
volid: 2
frameid: 630
name: 06002000630
num: 1
label: person
pos: 620.840741 181.013859 17.544422 62.975620
occl: 1
lock: 0
posv: 620.840741 181.013859 17.544422 62.975620
