setid: 6
volid: 1
frameid: 1770
name: 06001001770
num: 1
label: person
pos: 1.218892 176.961927 22.083086 55.493745
occl: 1
lock: 0
posv: 1.218892 176.961927 21.459736 55.493745
