setid: 6
volid: 2
frameid: 330
name: 06002000330
num: 6
label: people
pos: 209.645548 195.095387 22.219226 21.048757
occl: 0
lock: 0
posv: 0.000000 0.000000 0.000000 0.000000
label: person
pos: 238.032556 194.640907 7.413624 15.440290
occl: 0
lock: 0
posv: 0.000000 0.000000 0.000000 0.000000
label: person
pos: 599.058883 164.842724 37.095461 56.311182
occl: 1
lock: 1
posv: 614.903643 164.842724 21.250701 25.984915
label: person
pos: 594.405290 169.395114 21.447591 71.348704
occl: 1
lock: 0
posv: 604.709041 169.395114 1.000000 23.283608
label: person
pos: 572.271166 176.655063 18.722520 59.531651
occl: 0
lock: 1
posv: 0.000000 0.000000 0.000000 0.000000
label: person
pos: 478.179550 181.182015 10.646704 34.353534
occl: 1
lock: 0
posv: 482.759515 181.182015 1.000000 34.322029
