setid: 6
volid: 2
frameid: 1200
name: 06002001200
num: 2
label: person
pos: 160.664696 188.570139 14.073160 26.549298
occl: 0
lock: 0
posv: 0.000000 0.000000 0.000000 0.000000
label: person
pos: 360.157829 186.471194 17.151996 30.458002
occl: 1
lock: 0
posv: 370.021359 187.617008 1.000000 25.952742
