setid: 6
volid: 6
frameid: 660
name: 06006000660
num: 1
label: person
pos: 52.944636 200.874266 12.861957 27.618558
occl: 1
lock: 0
posv: 60.582241 200.874266 1.000000 27.414775
