setid: 6
volid: 8
frameid: 210
name: 06008000210
num: 2
label: person
pos: 407.310963 188.446292 11.594203 33.242468
occl: 1
lock: 0
posv: 416.490767 188.448047 1.084342 33.240713
label: person
pos: 414.097585 188.706280 9.275362 31.690821
occl: 1
lock: 0
posv: 417.298424 188.706280 1.000000 31.690821
