setid: 6
volid: 1
frameid: 1740
name: 06001001740
num: 1
label: person
pos: 2.784729 178.479820 23.496864 54.268688
occl: 1
lock: 0
posv: 2.784729 178.479820 23.042575 53.115962
