setid: 6
volid: 8
frameid: 1260
name: 06008001260
num: 1
label: person
pos: 429.717446 184.171498 13.987851 31.497585
occl: 1
lock: 1
posv: 430.275346 184.171498 13.429952 15.614818
