setid: 6
volid: 4
frameid: 780
name: 06004000780
num: 2
label: person
pos: 587.752637 181.972479 19.736102 49.922426
occl: 1
lock: 0
posv: 587.752637 181.972479 16.180095 15.674326
label: person-fa
pos: 449.094138 184.533659 8.038647 21.489820
occl: 1
lock: 0
posv: 453.767346 184.533659 1.000000 17.009820
