setid: 6
volid: 2
frameid: 1410
name: 06002001410
num: 6
label: person
pos: 407.465351 174.495098 9.958987 26.094089
occl: 0
lock: 0
posv: 0.000000 0.000000 0.000000 0.000000
label: person
pos: 430.315180 175.563351 10.808203 26.248492
occl: 0
lock: 0
posv: 0.000000 0.000000 0.000000 0.000000
label: person
pos: 417.354354 175.981389 8.760897 26.011899
occl: 0
lock: 0
posv: 0.000000 0.000000 0.000000 0.000000
label: person
pos: 404.519388 176.817813 8.557139 23.190901
occl: 1
lock: 1
posv: 404.519388 177.447876 8.557139 21.974721
label: person
pos: 570.734657 163.223204 24.745202 66.937539
occl: 1
lock: 0
posv: 579.843182 163.812066 1.000000 29.899552
label: person
pos: 562.758546 152.438533 38.754144 120.888607
occl: 1
lock: 0
posv: 573.450206 152.438533 28.062485 40.159911
