setid: 6
volid: 8
frameid: 570
name: 06008000570
num: 3
label: people
pos: 522.059974 175.604116 22.375503 28.405797
occl: 0
lock: 0
posv: 0.000000 0.000000 0.000000 0.000000
label: person
pos: 495.044177 174.734898 11.914236 32.420999
occl: 1
lock: 0
posv: 496.758380 176.447592 10.200033 14.314969
label: person
pos: 579.881317 166.057817 34.925429 90.106157
occl: 1
lock: 0
posv: 580.421536 166.057817 28.630896 34.016927
