setid: 6
volid: 6
frameid: 300
name: 06006000300
num: 1
label: person
pos: 521.306591 171.473336 19.248870 56.574723
occl: 0
lock: 1
posv: 0.000000 0.000000 0.000000 0.000000
