setid: 6
volid: 0
frameid: 240
name: 06000000240
num: 2
label: person-fa
pos: 194.407949 190.822921 12.864173 30.162597
occl: 0
lock: 0
posv: 0.000000 0.000000 0.000000 0.000000
label: person-fa
pos: 219.126782 195.306832 5.370753 27.592117
occl: 0
lock: 0
posv: 0.000000 0.000000 0.000000 0.000000
