setid: 6
volid: 2
frameid: 1590
name: 06002001590
num: 4
label: person
pos: 426.492559 180.367120 12.896522 36.600852
occl: 0
lock: 0
posv: 0.000000 0.000000 0.000000 0.000000
label: person
pos: 452.588588 183.853945 12.919510 32.172514
occl: 0
lock: 0
posv: 0.000000 0.000000 0.000000 0.000000
label: person
pos: 439.294005 183.035244 12.615873 32.592826
occl: 0
lock: 0
posv: 0.000000 0.000000 0.000000 0.000000
label: person
pos: 393.352785 185.835286 9.693472 21.931616
occl: 0
lock: 0
posv: 0.000000 0.000000 0.000000 0.000000
