setid: 6
volid: 2
frameid: 1320
name: 06002001320
num: 5
label: person
pos: 397.596755 177.320256 8.221954 22.620024
occl: 0
lock: 0
posv: 0.000000 0.000000 0.000000 0.000000
label: person
pos: 419.209804 179.348347 9.161238 24.601528
occl: 0
lock: 0
posv: 0.000000 0.000000 0.000000 0.000000
label: person
pos: 408.883156 179.435219 8.089755 22.607005
occl: 0
lock: 0
posv: 0.000000 0.000000 0.000000 0.000000
label: person
pos: 462.138922 173.496226 19.316860 46.489748
occl: 1
lock: 0
posv: 468.641377 174.994044 1.000000 21.306146
label: person
pos: 576.184763 167.107627 19.572103 55.453762
occl: 1
lock: 0
posv: 576.184763 167.107627 19.176985 21.453647
