setid: 6
volid: 5
frameid: 1560
name: 06005001560
num: 2
label: person
pos: 476.125841 181.053498 30.031922 67.845858
occl: 0
lock: 0
posv: 0.000000 0.000000 0.000000 0.000000
label: person?
pos: 16.013626 212.019207 1.000000 14.685990
occl: 0
lock: 0
posv: 0.000000 0.000000 0.000000 0.000000
