setid: 6
volid: 1
frameid: 1590
name: 06001001590
num: 1
label: person
pos: 3.141941 170.440211 27.962262 58.750900
occl: 1
lock: 0
posv: 3.141941 171.323807 24.156460 53.871088
