setid: 6
volid: 5
frameid: 1590
name: 06005001590
num: 1
label: person
pos: 588.846584 173.341410 41.830695 106.157875
occl: 0
lock: 0
posv: 0.000000 0.000000 0.000000 0.000000
