setid: 6
volid: 8
frameid: 1080
name: 06008001080
num: 3
label: person
pos: 13.556535 206.299592 11.596514 31.757883
occl: 0
lock: 0
posv: 0.000000 0.000000 0.000000 0.000000
label: person
pos: 5.485507 203.785024 11.594203 32.463768
occl: 0
lock: 0
posv: 0.000000 0.000000 0.000000 0.000000
label: person
pos: 98.533043 201.365669 11.676265 23.577968
occl: 0
lock: 1
posv: 0.000000 0.000000 0.000000 0.000000
