setid: 6
volid: 8
frameid: 360
name: 06008000360
num: 3
label: person
pos: 468.291683 190.143916 13.436769 33.371420
occl: 1
lock: 0
posv: 468.618772 190.143916 13.109680 11.775739
label: person
pos: 457.451209 192.596306 12.805736 40.613163
occl: 1
lock: 0
posv: 464.392605 192.596306 1.000000 40.613163
label: person
pos: 447.148241 193.510475 11.563285 39.878486
occl: 1
lock: 0
posv: 449.111264 193.510475 1.000000 39.878486
