setid: 6
volid: 2
frameid: 1110
name: 06002001110
num: 3
label: person
pos: 611.481382 172.804894 20.955991 75.472614
occl: 1
lock: 0
posv: 611.481382 172.804894 20.955991 75.472614
label: person
pos: 272.704357 191.602036 11.580217 20.844391
occl: 0
lock: 0
posv: 0.000000 0.000000 0.000000 0.000000
label: person
pos: 319.572641 192.451262 11.542677 20.501174
occl: 1
lock: 0
posv: 321.300207 192.451262 1.000000 20.501174
