setid: 6
volid: 0
frameid: 300
name: 06000000300
num: 2
label: person-fa
pos: 170.558113 200.688180 9.412713 33.976071
occl: 0
lock: 0
posv: 0.000000 0.000000 0.000000 0.000000
label: person
pos: 9.841375 186.033358 36.701843 96.605406
occl: 0
lock: 0
posv: 0.000000 0.000000 0.000000 0.000000
