setid: 6
volid: 6
frameid: 270
name: 06006000270
num: 1
label: person
pos: 497.479897 168.965015 17.378837 48.720586
occl: 0
lock: 0
posv: 0.000000 0.000000 0.000000 0.000000
