setid: 6
volid: 9
frameid: 240
name: 06009000240
num: 1
label: person
pos: 598.913458 223.167502 20.012323 30.824350
occl: 0
lock: 0
posv: 0.000000 0.000000 0.000000 0.000000
