setid: 6
volid: 1
frameid: 870
name: 06001000870
num: 2
label: person
pos: 582.966545 159.541917 47.350397 147.307975
occl: 0
lock: 0
posv: 0.000000 0.000000 0.000000 0.000000
label: person
pos: 388.816106 177.719886 22.231770 46.559221
occl: 0
lock: 0
posv: 0.000000 0.000000 0.000000 0.000000
