setid: 6
volid: 8
frameid: 300
name: 06008000300
num: 2
label: person
pos: 432.193238 189.401916 13.197094 35.478219
occl: 1
lock: 0
posv: 444.390332 189.435273 1.000000 35.444862
label: person
pos: 425.827889 191.669236 10.470109 33.239839
occl: 1
lock: 0
posv: 435.297998 191.669236 1.000000 33.239839
