setid: 6
volid: 1
frameid: 900
name: 06001000900
num: 1
label: person
pos: 402.281682 182.840775 28.073458 57.160965
occl: 0
lock: 0
posv: 0.000000 0.000000 0.000000 0.000000
