setid: 6
volid: 1
frameid: 720
name: 06001000720
num: 1
label: person
pos: 416.423607 188.456235 11.806186 32.785281
occl: 0
lock: 1
posv: 0.000000 0.000000 0.000000 0.000000
