setid: 6
volid: 8
frameid: 180
name: 06008000180
num: 2
label: person
pos: 395.062073 189.125498 11.594203 33.295016
occl: 1
lock: 0
posv: 402.140971 189.125498 1.000000 31.223919
label: person
pos: 411.933662 188.219841 9.275362 31.690821
occl: 1
lock: 0
posv: 417.328768 188.219841 1.000000 31.690821
