setid: 6
volid: 5
frameid: 1800
name: 06005001800
num: 1
label: person
pos: 358.493260 170.568609 17.968092 43.323753
occl: 1
lock: 0
posv: 358.493260 170.568609 12.596912 43.323753
