setid: 6
volid: 1
frameid: 120
name: 06001000120
num: 2
label: person
pos: 608.011237 179.001817 29.123580 62.364169
occl: 0
lock: 0
posv: 0.000000 0.000000 0.000000 0.000000
label: person
pos: 490.015142 180.430354 11.917643 44.662016
occl: 1
lock: 0
posv: 490.015142 180.430354 11.917643 44.662016
