setid: 6
volid: 2
frameid: 1350
name: 06002001350
num: 4
label: person
pos: 397.740068 175.788620 8.800965 23.778046
occl: 0
lock: 0
posv: 0.000000 0.000000 0.000000 0.000000
label: person
pos: 420.478958 177.461834 9.842457 22.876612
occl: 0
lock: 0
posv: 0.000000 0.000000 0.000000 0.000000
label: person
pos: 409.045273 176.895934 8.015924 23.445645
occl: 0
lock: 0
posv: 0.000000 0.000000 0.000000 0.000000
label: person
pos: 591.044177 163.489635 23.547553 72.443860
occl: 1
lock: 0
posv: 600.076096 163.881536 14.515634 18.908367
