setid: 6
volid: 4
frameid: 750
name: 06004000750
num: 1
label: person
pos: 527.147892 164.114126 16.607452 37.793626
occl: 1
lock: 1
posv: 528.296407 164.114126 15.458937 16.025526
