setid: 6
volid: 2
frameid: 540
name: 06002000540
num: 2
label: person
pos: 530.999653 176.974282 18.666841 49.439742
occl: 1
lock: 0
posv: 541.447507 179.145526 1.000000 36.563087
label: person
pos: 560.678943 170.352474 19.342207 53.252387
occl: 1
lock: 0
posv: 566.232901 170.352474 12.102867 26.401303
