setid: 6
volid: 2
frameid: 1260
name: 06002001260
num: 3
label: person
pos: 12.863786 189.474088 12.432752 25.986285
occl: 0
lock: 0
posv: 0.000000 0.000000 0.000000 0.000000
label: person
pos: 67.122914 186.996463 14.179720 34.377272
occl: 0
lock: 0
posv: 0.000000 0.000000 0.000000 0.000000
label: person
pos: 405.918941 182.618472 20.138120 33.429185
occl: 1
lock: 0
posv: 415.170429 183.508387 1.000000 29.784124
