setid: 6
volid: 0
frameid: 90
name: 06000000090
num: 2
label: person-fa
pos: 171.501206 183.627658 9.809716 26.288959
occl: 0
lock: 0
posv: 0.000000 0.000000 0.000000 0.000000
label: person-fa
pos: 188.929318 187.700144 7.628255 24.856433
occl: 0
lock: 0
posv: 0.000000 0.000000 0.000000 0.000000
