setid: 6
volid: 2
frameid: 1740
name: 06002001740
num: 4
label: person
pos: 494.430987 178.479103 19.935129 56.408193
occl: 0
lock: 0
posv: 0.000000 0.000000 0.000000 0.000000
label: person
pos: 540.170171 180.874796 19.968448 32.805158
occl: 1
lock: 0
posv: 540.170171 180.874796 19.968448 32.805158
label: person
pos: 517.116777 181.648414 19.931775 49.558252
occl: 0
lock: 0
posv: 0.000000 0.000000 0.000000 0.000000
label: person
pos: 415.042898 187.169148 11.019184 24.543800
occl: 1
lock: 0
posv: 415.042898 187.169148 10.508645 13.981419
