setid: 6
volid: 0
frameid: 1440
name: 06000001440
num: 1
label: person
pos: 143.617182 170.419471 9.406338 22.459301
occl: 1
lock: 0
posv: 144.898239 170.419471 8.125281 21.139486
