setid: 6
volid: 3
frameid: 1560
name: 06003001560
num: 1
label: person
pos: 388.423919 183.763952 11.605455 25.401360
occl: 1
lock: 0
posv: 394.229874 184.687828 1.000000 19.591004
