setid: 6
volid: 0
frameid: 150
name: 06000000150
num: 2
label: person-fa
pos: 171.501206 183.627658 9.809716 26.585938
occl: 0
lock: 0
posv: 0.000000 0.000000 0.000000 0.000000
label: person-fa
pos: 189.746092 189.039523 6.888521 23.889879
occl: 0
lock: 0
posv: 0.000000 0.000000 0.000000 0.000000
