setid: 6
volid: 0
frameid: 180
name: 06000000180
num: 2
label: person-fa
pos: 178.609361 187.877664 10.104742 25.657744
occl: 0
lock: 0
posv: 0.000000 0.000000 0.000000 0.000000
label: person-fa
pos: 197.227928 191.945811 5.975156 24.646558
occl: 0
lock: 0
posv: 0.000000 0.000000 0.000000 0.000000
