setid: 6
volid: 2
frameid: 270
name: 06002000270
num: 7
label: people
pos: 217.913225 194.540597 34.546451 19.439057
occl: 0
lock: 0
posv: 0.000000 0.000000 0.000000 0.000000
label: person
pos: 257.535219 192.455448 7.720145 15.440290
occl: 0
lock: 0
posv: 0.000000 0.000000 0.000000 0.000000
label: person
pos: 564.815225 166.724384 28.006880 69.839522
occl: 1
lock: 0
posv: 564.815225 166.820114 24.730292 24.952102
label: person
pos: 549.194195 174.844229 16.247348 45.235059
occl: 1
lock: 0
posv: 554.170482 175.540043 1.000000 26.730719
label: person
pos: 529.292395 177.304353 16.764195 40.350127
occl: 1
lock: 0
posv: 537.484643 177.304353 1.032910 35.192318
label: person
pos: 515.384569 175.013105 18.176862 49.728404
occl: 1
lock: 0
posv: 515.384569 175.013105 14.964114 21.264394
label: person
pos: 503.148998 179.268866 14.831664 40.108399
occl: 1
lock: 1
posv: 503.822782 179.476896 13.175535 19.562484
