setid: 6
volid: 8
frameid: 30
name: 06008000030
num: 1
label: person
pos: 372.283157 186.517391 10.687458 32.310727
occl: 0
lock: 0
posv: 0.000000 0.000000 0.000000 0.000000
