setid: 6
volid: 8
frameid: 990
name: 06008000990
num: 3
label: person
pos: 137.891499 193.388917 6.141530 20.224956
occl: 0
lock: 0
posv: 0.000000 0.000000 0.000000 0.000000
label: person
pos: 129.953294 191.951910 9.029425 23.525692
occl: 0
lock: 0
posv: 0.000000 0.000000 0.000000 0.000000
label: person
pos: 150.458893 190.281994 8.377514 19.846816
occl: 0
lock: 0
posv: 0.000000 0.000000 0.000000 0.000000
