setid: 6
volid: 4
frameid: 720
name: 06004000720
num: 1
label: person
pos: 484.400363 166.148965 14.158442 32.660276
occl: 1
lock: 0
posv: 487.051555 166.148965 11.507251 10.815300
