setid: 6
volid: 0
frameid: 30
name: 06000000030
num: 2
label: person-fa
pos: 171.501206 183.627658 9.809716 25.991981
occl: 0
lock: 0
posv: 0.000000 0.000000 0.000000 0.000000
label: person-fa
pos: 188.211939 187.884639 8.352944 24.387981
occl: 0
lock: 0
posv: 0.000000 0.000000 0.000000 0.000000
