setid: 6
volid: 1
frameid: 1380
name: 06001001380
num: 1
label: person
pos: 547.496142 169.308137 19.550313 52.532392
occl: 0
lock: 0
posv: 0.000000 0.000000 0.000000 0.000000
