setid: 6
volid: 2
frameid: 30
name: 06002000030
num: 7
label: person
pos: 441.892382 188.762155 11.799055 34.092209
occl: 0
lock: 0
posv: 0.000000 0.000000 0.000000 0.000000
label: person
pos: 423.817414 188.402009 11.228571 30.937745
occl: 0
lock: 0
posv: 0.000000 0.000000 0.000000 0.000000
label: person
pos: 473.630572 182.373646 14.790356 49.775865
occl: 1
lock: 0
posv: 473.630572 182.373646 14.790356 49.775865
label: person
pos: 480.829296 186.296259 18.640166 45.109121
occl: 1
lock: 0
posv: 493.688943 186.296259 1.001215 35.934666
label: person
pos: 504.510338 185.802774 16.948352 43.589987
occl: 0
lock: 0
posv: 0.000000 0.000000 0.000000 0.000000
label: person
pos: 497.204636 189.790828 12.043426 35.096196
occl: 1
lock: 0
posv: 497.455346 189.790828 3.593795 33.863864
label: person
pos: 490.843450 184.763643 14.626662 44.128347
occl: 1
lock: 0
posv: 492.910713 184.914958 12.559400 27.721515
