setid: 6
volid: 2
frameid: 600
name: 06002000600
num: 2
label: person
pos: 602.845894 171.843831 19.424149 62.349459
occl: 0
lock: 0
posv: 0.000000 0.000000 0.000000 0.000000
label: person
pos: 587.181525 181.606577 19.391214 59.377356
occl: 1
lock: 0
posv: 592.299615 181.606577 1.000000 59.377356
