setid: 6
volid: 1
frameid: 450
name: 06001000450
num: 1
label: person
pos: 270.384998 188.480147 13.807909 36.966686
occl: 1
lock: 0
posv: 271.166767 188.480147 10.600936 14.769298
