setid: 6
volid: 2
frameid: 1710
name: 06002001710
num: 4
label: person
pos: 471.261391 180.120779 18.133762 50.232077
occl: 0
lock: 0
posv: 0.000000 0.000000 0.000000 0.000000
label: person
pos: 512.250413 184.091996 16.949013 30.599549
occl: 1
lock: 0
posv: 512.250413 184.091996 16.949013 30.599549
label: person
pos: 490.905515 184.757898 17.615731 43.896812
occl: 0
lock: 0
posv: 0.000000 0.000000 0.000000 0.000000
label: person
pos: 408.731713 188.714442 10.362382 15.855520
occl: 1
lock: 0
posv: 408.731713 188.714442 10.362382 15.855520
