setid: 6
volid: 6
frameid: 510
name: 06006000510
num: 1
label: person?
pos: 33.278466 208.405553 11.012535 34.937184
occl: 0
lock: 0
posv: 0.000000 0.000000 0.000000 0.000000
