setid: 6
volid: 8
frameid: 60
name: 06008000060
num: 2
label: person
pos: 412.722222 183.002415 10.415459 30.289855
occl: 1
lock: 0
posv: 413.376836 183.002415 9.760846 10.355677
label: person
pos: 387.158696 187.166667 9.424892 31.690821
occl: 1
lock: 0
posv: 387.158696 187.166667 9.424892 18.233337
