setid: 6
volid: 6
frameid: 570
name: 06006000570
num: 1
label: person
pos: 144.314932 209.740613 9.198639 18.692402
occl: 1
lock: 0
posv: 152.270780 209.995126 1.000000 18.344956
