setid: 6
volid: 2
frameid: 1650
name: 06002001650
num: 4
label: person
pos: 452.784467 178.393970 15.157282 41.403149
occl: 0
lock: 0
posv: 0.000000 0.000000 0.000000 0.000000
label: person
pos: 483.611199 180.563767 13.900623 35.642649
occl: 0
lock: 0
posv: 0.000000 0.000000 0.000000 0.000000
label: person
pos: 467.406990 180.852781 14.340472 36.182679
occl: 0
lock: 0
posv: 0.000000 0.000000 0.000000 0.000000
label: person
pos: 407.834447 184.285406 9.670248 22.473822
occl: 0
lock: 0
posv: 0.000000 0.000000 0.000000 0.000000
