setid: 6
volid: 8
frameid: 150
name: 06008000150
num: 2
label: person
pos: 388.890338 189.485507 11.594203 33.236715
occl: 1
lock: 0
posv: 391.390178 189.485507 8.967183 18.055765
label: person
pos: 411.265426 187.375148 9.275362 31.730875
occl: 1
lock: 0
posv: 415.288917 187.375148 1.000000 31.690821
