setid: 6
volid: 4
frameid: 1410
name: 06004001410
num: 1
label: person
pos: 233.242532 168.036965 1.000000 16.358366
occl: 0
lock: 0
posv: 0.000000 0.000000 0.000000 0.000000
