setid: 6
volid: 5
frameid: 180
name: 06005000180
num: 1
label: person
pos: 114.862151 190.956284 9.785758 19.499305
occl: 1
lock: 0
posv: 118.838661 191.312221 1.000000 17.726442
