setid: 6
volid: 8
frameid: 480
name: 06008000480
num: 4
label: person
pos: 544.508382 187.334576 14.060572 45.293809
occl: 0
lock: 0
posv: 0.000000 0.000000 0.000000 0.000000
label: person
pos: 529.815970 182.598573 12.741695 47.183081
occl: 0
lock: 0
posv: 0.000000 0.000000 0.000000 0.000000
label: person
pos: 514.277778 185.569243 12.083736 37.668277
occl: 1
lock: 0
posv: 518.303283 185.569243 1.000000 37.668277
label: person
pos: 486.545666 182.674595 18.983234 52.857794
occl: 0
lock: 0
posv: 0.000000 0.000000 0.000000 0.000000
