setid: 6
volid: 8
frameid: 1320
name: 06008001320
num: 1
label: person
pos: 462.872198 183.874875 18.073111 47.051376
occl: 1
lock: 1
posv: 464.092107 184.170265 16.853203 16.388483
