setid: 6
volid: 2
frameid: 1140
name: 06002001140
num: 3
label: person
pos: 31.488222 192.988096 11.292464 30.708559
occl: 1
lock: 0
posv: 31.488222 192.988096 11.232351 22.325592
label: person
pos: 238.450355 189.710249 12.828846 22.469573
occl: 1
lock: 0
posv: 247.318932 189.726354 1.000000 22.453468
label: person
pos: 329.633030 190.705066 13.256633 22.470352
occl: 1
lock: 0
posv: 337.325221 190.760020 1.000000 22.408381
