setid: 6
volid: 4
frameid: 810
name: 06004000810
num: 1
label: person-fa
pos: 469.214976 177.891304 9.275362 23.776518
occl: 1
lock: 0
posv: 474.670746 179.252363 1.000000 22.415459
