setid: 6
volid: 1
frameid: 270
name: 06001000270
num: 2
label: person
pos: 570.431495 198.263057 21.251099 49.627793
occl: 0
lock: 0
posv: 0.000000 0.000000 0.000000 0.000000
label: person
pos: 462.794023 198.110390 9.933583 40.063278
occl: 1
lock: 1
posv: 466.269564 198.110390 6.458042 37.719947
