setid: 6
volid: 2
frameid: 420
name: 06002000420
num: 2
label: people
pos: 133.705596 189.508192 18.061653 25.761073
occl: 0
lock: 0
posv: 0.000000 0.000000 0.000000 0.000000
label: person
pos: 182.274545 190.134930 8.073068 20.116291
occl: 0
lock: 0
posv: 0.000000 0.000000 0.000000 0.000000
