setid: 6
volid: 1
frameid: 1830
name: 06001001830
num: 1
label: person
pos: 1.308765 178.916900 19.995477 54.028322
occl: 1
lock: 0
posv: 8.212318 178.916900 1.000000 53.324592
