setid: 6
volid: 1
frameid: 1350
name: 06001001350
num: 1
label: person
pos: 74.392015 194.522839 11.293037 20.582302
occl: 0
lock: 0
posv: 0.000000 0.000000 0.000000 0.000000
