setid: 6
volid: 1
frameid: 1650
name: 06001001650
num: 1
label: person
pos: 1.750174 175.079976 22.296267 55.479244
occl: 1
lock: 1
posv: 1.750174 175.079976 22.296267 55.479244
