setid: 6
volid: 8
frameid: 960
name: 06008000960
num: 4
label: person
pos: 7.289738 188.560173 10.462340 38.058559
occl: 0
lock: 0
posv: 0.000000 0.000000 0.000000 0.000000
label: person
pos: 164.248118 188.416508 5.542428 18.775993
occl: 0
lock: 0
posv: 0.000000 0.000000 0.000000 0.000000
label: person
pos: 155.334855 187.481061 7.975406 20.996047
occl: 0
lock: 0
posv: 0.000000 0.000000 0.000000 0.000000
label: person
pos: 169.165130 187.206131 7.822866 18.737520
occl: 0
lock: 0
posv: 0.000000 0.000000 0.000000 0.000000
