setid: 6
volid: 15
frameid: 960
name: 06015000960
num: 2
label: person
pos: 591.791551 156.504335 30.917874 86.360649
occl: 0
lock: 0
posv: 0.000000 0.000000 0.000000 0.000000
label: person
pos: 530.007246 170.316425 36.251208 77.256039
occl: 0
lock: 0
posv: 0.000000 0.000000 0.000000 0.000000
