setid: 6
volid: 15
frameid: 300
name: 06015000300
num: 5
label: people
pos: 525.949275 181.987923 36.016851 48.695652
occl: 0
lock: 0
posv: 0.000000 0.000000 0.000000 0.000000
label: people
pos: 469.521250 184.467147 23.360172 37.960279
occl: 0
lock: 0
posv: 0.000000 0.000000 0.000000 0.000000
label: person
pos: 457.119807 181.926627 13.140097 36.328502
occl: 0
lock: 0
posv: 0.000000 0.000000 0.000000 0.000000
label: person
pos: 434.586957 183.456522 13.913043 35.555556
occl: 0
lock: 0
posv: 0.000000 0.000000 0.000000 0.000000
label: person
pos: 397.407558 186.563361 11.819060 26.596371
occl: 1
lock: 0
posv: 403.515865 186.563361 1.000000 26.547211
