setid: 6
volid: 15
frameid: 1140
name: 06015001140
num: 2
label: person
pos: 396.765570 189.522272 8.154542 24.981752
occl: 1
lock: 0
posv: 400.370271 189.769725 1.000000 24.734300
label: person
pos: 402.917098 188.567277 9.858544 25.766806
occl: 0
lock: 0
posv: 0.000000 0.000000 0.000000 0.000000
