setid: 6
volid: 17
frameid: 330
name: 06017000330
num: 1
label: person
pos: 46.861335 187.105826 17.837520 33.126015
occl: 1
lock: 1
posv: 49.503739 188.177890 10.783679 17.875559
