setid: 6
volid: 10
frameid: 1260
name: 06010001260
num: 3
label: people
pos: 600.306763 162.432367 39.420290 31.690821
occl: 0
lock: 0
posv: 0.000000 0.000000 0.000000 0.000000
label: person
pos: 551.914343 177.815993 19.755138 45.176198
occl: 1
lock: 0
posv: 552.955684 177.815993 16.726188 18.179791
label: person
pos: 527.318090 173.945983 23.961353 50.263582
occl: 1
lock: 0
posv: 529.525996 173.945983 20.175464 32.438896
