setid: 6
volid: 17
frameid: 150
name: 06017000150
num: 1
label: person
pos: 95.394107 176.345411 15.566326 34.015656
occl: 1
lock: 0
posv: 99.400881 180.158406 6.820611 15.520984
