setid: 6
volid: 10
frameid: 1530
name: 06010001530
num: 3
label: people
pos: 600.306763 162.432367 39.420290 31.690821
occl: 0
lock: 0
posv: 0.000000 0.000000 0.000000 0.000000
label: person
pos: 549.688935 176.521881 21.347277 41.490235
occl: 1
lock: 0
posv: 552.631749 178.052329 13.022443 17.219437
label: person
pos: 528.355415 170.328244 23.961353 53.198881
occl: 1
lock: 0
posv: 530.148781 170.328244 20.999593 31.915094
