setid: 6
volid: 15
frameid: 510
name: 06015000510
num: 2
label: person
pos: 567.201976 170.546426 24.663409 63.163260
occl: 1
lock: 0
posv: 567.946402 172.679039 21.566641 26.643222
label: person
pos: 483.366962 185.859548 12.802722 31.346013
occl: 0
lock: 0
posv: 0.000000 0.000000 0.000000 0.000000
