setid: 6
volid: 10
frameid: 210
name: 06010000210
num: 1
label: people
pos: 453.137681 181.292271 20.869565 19.091787
occl: 0
lock: 0
posv: 0.000000 0.000000 0.000000 0.000000
