setid: 6
volid: 12
frameid: 1740
name: 06012001740
num: 1
label: person
pos: 23.558558 207.570990 14.258518 30.035532
occl: 0
lock: 1
posv: 0.000000 0.000000 0.000000 0.000000
