setid: 6
volid: 17
frameid: 1050
name: 06017001050
num: 3
label: person
pos: 40.137749 187.166667 1.000000 30.917874
occl: 1
lock: 0
posv: 40.137749 187.166667 1.000000 30.917874
label: person
pos: 55.775234 187.171567 15.497248 32.588146
occl: 0
lock: 0
posv: 0.000000 0.000000 0.000000 0.000000
label: person
pos: 42.537084 186.231955 16.281046 34.085820
occl: 0
lock: 0
posv: 0.000000 0.000000 0.000000 0.000000
