setid: 6
volid: 12
frameid: 540
name: 06012000540
num: 1
label: person
pos: 445.242711 184.051634 17.529045 41.765949
occl: 0
lock: 0
posv: 0.000000 0.000000 0.000000 0.000000
