setid: 6
volid: 10
frameid: 1650
name: 06010001650
num: 3
label: people
pos: 600.306763 162.432367 39.420290 31.690821
occl: 0
lock: 0
posv: 0.000000 0.000000 0.000000 0.000000
label: person
pos: 550.268226 178.054815 18.342936 42.283634
occl: 1
lock: 0
posv: 550.443229 178.054815 14.193795 17.063891
label: person
pos: 523.423418 171.013143 23.961353 50.448175
occl: 1
lock: 0
posv: 526.923474 171.013143 16.797411 30.115189
