setid: 6
volid: 17
frameid: 1170
name: 06017001170
num: 3
label: person?
pos: 566.808133 185.704967 20.514309 36.572093
occl: 1
lock: 0
posv: 580.227576 185.704967 1.000000 21.947362
label: person
pos: 125.243322 192.864194 5.848153 40.634817
occl: 0
lock: 0
posv: 0.000000 0.000000 0.000000 0.000000
label: person
pos: 112.607459 191.321525 5.225222 24.090565
occl: 1
lock: 0
posv: 112.607459 191.321525 5.225222 24.090565
