setid: 6
volid: 12
frameid: 1560
name: 06012001560
num: 1
label: person
pos: 23.264039 205.346911 15.738144 29.615788
occl: 0
lock: 0
posv: 0.000000 0.000000 0.000000 0.000000
