setid: 6
volid: 12
frameid: 1440
name: 06012001440
num: 1
label: person
pos: 19.029128 200.588662 19.937963 34.782609
occl: 1
lock: 0
posv: 37.967091 200.588662 1.000000 34.782609
