setid: 6
volid: 10
frameid: 1020
name: 06010001020
num: 3
label: people
pos: 600.306763 162.432367 39.420290 31.690821
occl: 0
lock: 0
posv: 0.000000 0.000000 0.000000 0.000000
label: person
pos: 550.162494 177.952840 18.947820 43.892604
occl: 1
lock: 0
posv: 551.176959 178.005289 14.115615 16.590872
label: person
pos: 522.943369 173.082318 23.961353 50.934123
occl: 1
lock: 0
posv: 527.883849 173.082318 18.714527 28.100206
