setid: 6
volid: 13
frameid: 720
name: 06013000720
num: 1
label: person
pos: 233.805422 180.995631 19.882696 41.609479
occl: 0
lock: 0
posv: 0.000000 0.000000 0.000000 0.000000
