setid: 6
volid: 10
frameid: 1080
name: 06010001080
num: 3
label: people
pos: 600.306763 162.432367 39.420290 31.690821
occl: 0
lock: 0
posv: 0.000000 0.000000 0.000000 0.000000
label: person
pos: 549.996830 176.433620 22.402825 45.352325
occl: 1
lock: 0
posv: 552.256426 176.654744 15.460492 18.223158
label: person
pos: 523.798772 172.554141 23.961353 50.377402
occl: 1
lock: 0
posv: 529.607739 172.554141 14.921080 27.303952
