setid: 6
volid: 15
frameid: 750
name: 06015000750
num: 4
label: person
pos: 55.587951 198.199915 13.085962 25.759022
occl: 0
lock: 0
posv: 0.000000 0.000000 0.000000 0.000000
label: person?
pos: 497.149779 179.393409 17.853462 48.548424
occl: 1
lock: 0
posv: 506.235916 179.393409 1.000000 48.548424
label: person
pos: 526.705630 179.196555 16.596664 46.245687
occl: 0
lock: 0
posv: 0.000000 0.000000 0.000000 0.000000
label: person
pos: 44.469066 200.355032 11.594203 23.961353
occl: 0
lock: 0
posv: 0.000000 0.000000 0.000000 0.000000
