setid: 6
volid: 14
frameid: 1560
name: 06014001560
num: 1
label: person
pos: 412.010962 196.557158 13.913043 27.154440
occl: 0
lock: 0
posv: 0.000000 0.000000 0.000000 0.000000
