setid: 6
volid: 12
frameid: 420
name: 06012000420
num: 1
label: person
pos: 410.720169 178.262994 33.242392 82.368653
occl: 0
lock: 0
posv: 0.000000 0.000000 0.000000 0.000000
