setid: 6
volid: 17
frameid: 180
name: 06017000180
num: 1
label: person
pos: 94.015757 179.006797 15.545716 33.577210
occl: 1
lock: 0
posv: 97.988225 180.186098 8.058911 13.046663
