setid: 6
volid: 17
frameid: 720
name: 06017000720
num: 2
label: person
pos: 140.859193 203.707729 15.157715 29.371981
occl: 0
lock: 0
posv: 0.000000 0.000000 0.000000 0.000000
label: person
pos: 158.297792 203.140297 12.810306 27.444767
occl: 0
lock: 0
posv: 0.000000 0.000000 0.000000 0.000000
