setid: 6
volid: 17
frameid: 1320
name: 06017001320
num: 2
label: person
pos: 315.333286 179.357569 26.683079 60.288087
occl: 0
lock: 0
posv: 0.000000 0.000000 0.000000 0.000000
label: person
pos: 294.070369 178.077470 23.597526 62.972570
occl: 0
lock: 0
posv: 0.000000 0.000000 0.000000 0.000000
