setid: 6
volid: 16
frameid: 510
name: 06016000510
num: 1
label: person
pos: 579.260647 161.390880 25.828969 84.441868
occl: 1
lock: 0
posv: 595.098504 161.510700 1.317693 83.304430
