setid: 6
volid: 10
frameid: 1500
name: 06010001500
num: 3
label: people
pos: 600.306763 162.432367 39.420290 31.690821
occl: 0
lock: 0
posv: 0.000000 0.000000 0.000000 0.000000
label: person
pos: 550.327650 176.332328 20.886926 41.869341
occl: 1
lock: 0
posv: 554.676690 176.431662 10.636884 18.687904
label: person
pos: 526.192055 170.559027 23.961353 50.619147
occl: 1
lock: 0
posv: 527.610022 170.559027 21.687282 30.881947
