setid: 6
volid: 10
frameid: 720
name: 06010000720
num: 3
label: person
pos: 549.365303 176.073598 22.925104 48.038679
occl: 1
lock: 0
posv: 555.047824 176.073598 12.028520 19.486738
label: person
pos: 530.014066 167.888463 23.961353 50.241546
occl: 1
lock: 0
posv: 531.818247 170.059051 16.340532 33.918759
label: person
pos: 437.419906 184.465047 19.323237 41.301512
occl: 1
lock: 0
posv: 441.811948 185.425452 10.183435 20.488102
