setid: 6
volid: 15
frameid: 900
name: 06015000900
num: 4
label: person
pos: 524.694521 170.805958 24.734300 82.190016
occl: 0
lock: 0
posv: 0.000000 0.000000 0.000000 0.000000
label: person
pos: 558.698957 178.276959 22.594473 43.318602
occl: 1
lock: 0
posv: 558.698957 178.276959 22.594473 43.318602
label: person
pos: 488.412930 177.810145 17.954192 45.445979
occl: 0
lock: 0
posv: 0.000000 0.000000 0.000000 0.000000
label: person
pos: 464.075279 179.503451 23.712589 49.306588
occl: 0
lock: 0
posv: 0.000000 0.000000 0.000000 0.000000
