setid: 6
volid: 12
frameid: 1620
name: 06012001620
num: 1
label: person
pos: 22.133833 203.693367 19.323671 34.782609
occl: 1
lock: 0
posv: 31.262638 203.693367 1.000000 34.782609
