setid: 6
volid: 10
frameid: 750
name: 06010000750
num: 3
label: people
pos: 597.214976 164.751208 39.420290 31.690821
occl: 0
lock: 0
posv: 0.000000 0.000000 0.000000 0.000000
label: person
pos: 549.365303 177.229169 22.070633 46.986502
occl: 1
lock: 0
posv: 555.003129 177.229169 11.220263 18.670636
label: person
pos: 530.014066 167.888463 23.961353 50.241546
occl: 1
lock: 0
posv: 532.851394 167.967713 16.836442 38.007515
