setid: 6
volid: 12
frameid: 840
name: 06012000840
num: 2
label: person?
pos: 21.541738 186.241084 16.053883 39.420290
occl: 0
lock: 0
posv: 0.000000 0.000000 0.000000 0.000000
label: person
pos: 107.568627 188.681586 13.511083 27.857062
occl: 0
lock: 1
posv: 0.000000 0.000000 0.000000 0.000000
