setid: 6
volid: 11
frameid: 1500
name: 06011001500
num: 2
label: person
pos: 372.422614 176.675333 9.027841 23.427660
occl: 1
lock: 0
posv: 377.584242 176.988448 1.000000 18.695922
label: person
pos: 380.239748 172.419988 9.285752 21.216822
occl: 0
lock: 0
posv: 0.000000 0.000000 0.000000 0.000000
