setid: 6
volid: 12
frameid: 30
name: 06012000030
num: 1
label: person
pos: 96.741538 188.986111 18.550725 33.696020
occl: 1
lock: 0
posv: 106.747094 188.986111 1.000000 30.264584
