setid: 6
volid: 11
frameid: 1470
name: 06011001470
num: 2
label: person
pos: 359.992214 175.857594 9.027841 23.427660
occl: 1
lock: 0
posv: 364.632511 179.545060 1.000000 16.017806
label: person
pos: 369.576156 175.728259 8.651294 19.846294
occl: 0
lock: 0
posv: 0.000000 0.000000 0.000000 0.000000
