setid: 6
volid: 12
frameid: 1410
name: 06012001410
num: 1
label: person
pos: 19.029128 200.588662 19.323671 34.782609
occl: 1
lock: 1
posv: 31.740468 200.588662 0.554455 34.782609
