setid: 6
volid: 10
frameid: 330
name: 06010000330
num: 2
label: people
pos: 498.373629 172.249702 24.189685 39.868571
occl: 0
lock: 0
posv: 0.000000 0.000000 0.000000 0.000000
label: person
pos: 483.972727 177.058009 13.329338 33.827861
occl: 1
lock: 0
posv: 483.972727 177.058009 11.090417 31.666977
