setid: 6
volid: 17
frameid: 1680
name: 06017001680
num: 2
label: person
pos: 486.970716 146.363535 40.867181 91.519341
occl: 1
lock: 1
posv: 486.970716 146.363535 38.074153 37.301798
label: person
pos: 136.466071 184.104391 14.728810 34.033395
occl: 0
lock: 0
posv: 0.000000 0.000000 0.000000 0.000000
