setid: 6
volid: 14
frameid: 1770
name: 06014001770
num: 2
label: person
pos: 15.572464 185.427536 9.971014 19.246377
occl: 0
lock: 0
posv: 0.000000 0.000000 0.000000 0.000000
label: person
pos: 582.006326 191.155072 24.784357 65.350081
occl: 0
lock: 0
posv: 0.000000 0.000000 0.000000 0.000000
