setid: 6
volid: 15
frameid: 1260
name: 06015001260
num: 2
label: person
pos: 444.118922 186.431974 13.329923 34.610590
occl: 0
lock: 0
posv: 0.000000 0.000000 0.000000 0.000000
label: person
pos: 452.251970 185.093712 9.842728 31.936746
occl: 1
lock: 0
posv: 454.213032 185.093712 1.000000 31.216868
