setid: 6
volid: 10
frameid: 1830
name: 06010001830
num: 3
label: people
pos: 600.800881 162.432367 39.420290 31.690821
occl: 0
lock: 0
posv: 0.000000 0.000000 0.000000 0.000000
label: person
pos: 550.333121 176.728666 22.495067 46.349686
occl: 1
lock: 0
posv: 553.646388 177.611634 14.497240 18.772217
label: person
pos: 530.459132 173.331892 23.961353 51.342295
occl: 1
lock: 0
posv: 534.172333 173.331892 16.857751 31.683324
