setid: 6
volid: 17
frameid: 1650
name: 06017001650
num: 1
label: person
pos: 3.628617 163.458052 39.420290 89.661836
occl: 0
lock: 1
posv: 0.000000 0.000000 0.000000 0.000000
