setid: 6
volid: 11
frameid: 1590
name: 06011001590
num: 2
label: person
pos: 447.466636 173.294991 12.945067 34.010097
occl: 0
lock: 0
posv: 0.000000 0.000000 0.000000 0.000000
label: person
pos: 442.928270 169.895726 15.770732 39.847001
occl: 1
lock: 0
posv: 443.065670 169.895726 5.319898 39.465377
