setid: 6
volid: 12
frameid: 750
name: 06012000750
num: 2
label: person?
pos: 124.306756 185.955058 17.909039 35.834580
occl: 1
lock: 0
posv: 132.219105 185.955058 1.000000 28.599034
label: person
pos: 506.933237 177.741669 17.627947 41.932393
occl: 1
lock: 0
posv: 510.107962 178.706088 13.662668 23.262147
