setid: 6
volid: 17
frameid: 960
name: 06017000960
num: 2
label: person
pos: 64.433294 186.891095 17.696065 38.100020
occl: 1
lock: 0
posv: 67.008204 188.516507 12.584289 12.446848
label: person
pos: 164.836868 190.634205 14.995169 26.884903
occl: 1
lock: 0
posv: 170.250918 190.634205 1.000000 26.795491
