setid: 6
volid: 15
frameid: 360
name: 06015000360
num: 5
label: people
pos: 586.393720 171.707729 34.782609 63.381643
occl: 0
lock: 1
posv: 0.000000 0.000000 0.000000 0.000000
label: person
pos: 557.119693 171.677579 19.241688 56.300682
occl: 0
lock: 0
posv: 0.000000 0.000000 0.000000 0.000000
label: person
pos: 520.398895 168.329796 20.483092 61.913043
occl: 0
lock: 0
posv: 0.000000 0.000000 0.000000 0.000000
label: person
pos: 457.751834 183.636411 15.151181 30.909570
occl: 0
lock: 0
posv: 0.000000 0.000000 0.000000 0.000000
label: person
pos: 422.693241 184.938635 12.367150 27.827394
occl: 1
lock: 0
posv: 430.601690 184.938635 1.000000 27.826087
