setid: 6
volid: 15
frameid: 180
name: 06015000180
num: 3
label: people
pos: 35.452657 182.119014 47.298164 31.896116
occl: 0
lock: 0
posv: 0.000000 0.000000 0.000000 0.000000
label: person
pos: 390.492725 182.096135 11.377778 21.209662
occl: 0
lock: 0
posv: 0.000000 0.000000 0.000000 0.000000
label: person
pos: 131.394874 188.871698 9.426432 20.896891
occl: 0
lock: 0
posv: 0.000000 0.000000 0.000000 0.000000
