setid: 6
volid: 10
frameid: 30
name: 06010000030
num: 2
label: person
pos: 462.187408 186.851955 13.044616 20.129129
occl: 1
lock: 0
posv: 462.187408 186.851955 13.044616 20.129129
label: person?
pos: 110.380693 205.238900 15.941858 23.942873
occl: 0
lock: 0
posv: 0.000000 0.000000 0.000000 0.000000
