setid: 6
volid: 10
frameid: 630
name: 06010000630
num: 4
label: person
pos: 551.646798 175.422077 20.406464 45.898601
occl: 1
lock: 0
posv: 554.649071 175.778950 11.683931 19.499629
label: person
pos: 528.994459 166.868855 23.961353 50.241546
occl: 1
lock: 0
posv: 531.898979 166.868855 18.934223 36.855735
label: person
pos: 540.005611 175.498649 16.861751 42.720253
occl: 1
lock: 1
posv: 545.503462 175.498649 10.415042 19.355802
label: person
pos: 453.312999 182.342480 18.329954 37.995969
occl: 1
lock: 0
posv: 456.989635 184.703014 9.814911 12.275411
