setid: 6
volid: 17
frameid: 810
name: 06017000810
num: 4
label: person
pos: 240.405209 198.034740 11.909469 21.480676
occl: 0
lock: 1
posv: 0.000000 0.000000 0.000000 0.000000
label: person
pos: 52.821966 194.367008 21.195794 46.457204
occl: 0
lock: 0
posv: 0.000000 0.000000 0.000000 0.000000
label: person
pos: 87.853794 194.282040 15.607047 34.841887
occl: 0
lock: 0
posv: 0.000000 0.000000 0.000000 0.000000
label: person
pos: 284.171498 192.577295 13.140097 23.961353
occl: 1
lock: 1
posv: 284.171498 192.577295 13.140097 23.961353
