setid: 6
volid: 12
frameid: 1590
name: 06012001590
num: 1
label: person
pos: 22.010304 203.569838 19.323671 34.782609
occl: 1
lock: 0
posv: 31.609198 204.154787 1.000000 32.334325
