setid: 6
volid: 12
frameid: 1710
name: 06012001710
num: 1
label: person
pos: 23.414749 208.415405 13.844358 30.360843
occl: 0
lock: 1
posv: 0.000000 0.000000 0.000000 0.000000
