setid: 6
volid: 10
frameid: 990
name: 06010000990
num: 3
label: people
pos: 599.798246 162.737478 39.420290 31.690821
occl: 0
lock: 0
posv: 0.000000 0.000000 0.000000 0.000000
label: person
pos: 550.575704 177.094265 20.269776 44.312249
occl: 1
lock: 0
posv: 551.118030 178.276272 14.661587 16.938716
label: person
pos: 523.251196 171.817623 23.961353 50.393545
occl: 1
lock: 0
posv: 527.032638 171.817623 20.159755 29.333258
