setid: 6
volid: 12
frameid: 330
name: 06012000330
num: 1
label: person
pos: 589.525046 177.473190 20.797924 52.761605
occl: 0
lock: 0
posv: 0.000000 0.000000 0.000000 0.000000
