setid: 6
volid: 15
frameid: 1560
name: 06015001560
num: 1
label: person
pos: 546.399809 176.124569 23.651606 63.050380
occl: 0
lock: 0
posv: 0.000000 0.000000 0.000000 0.000000
