setid: 6
volid: 15
frameid: 1830
name: 06015001830
num: 1
label: people
pos: 33.427536 194.741546 21.642512 24.115942
occl: 0
lock: 0
posv: 0.000000 0.000000 0.000000 0.000000
