setid: 6
volid: 15
frameid: 420
name: 06015000420
num: 2
label: person
pos: 509.301602 182.066638 19.529791 46.789050
occl: 0
lock: 0
posv: 0.000000 0.000000 0.000000 0.000000
label: person
pos: 448.033666 185.055332 15.285528 35.650167
occl: 1
lock: 0
posv: 454.474125 185.055332 1.000000 21.104842
