setid: 6
volid: 10
frameid: 570
name: 06010000570
num: 4
label: person
pos: 551.611111 175.803228 18.892044 45.103881
occl: 1
lock: 0
posv: 551.701979 175.803228 13.236016 19.292079
label: person
pos: 526.876812 164.751208 23.961353 50.241546
occl: 1
lock: 0
posv: 530.612267 167.514158 18.360150 36.979585
label: person
pos: 504.178676 176.077046 18.585272 44.364796
occl: 1
lock: 0
posv: 505.519403 176.960741 15.574115 18.733913
label: person
pos: 459.907746 182.399498 19.116807 40.316981
occl: 1
lock: 0
posv: 465.653252 182.759371 10.092389 12.106805
