setid: 6
volid: 16
frameid: 780
name: 06016000780
num: 1
label: person
pos: 609.891304 158.567633 29.062802 101.199824
occl: 1
lock: 0
posv: 609.891304 158.567633 29.062802 101.199824
