setid: 6
volid: 15
frameid: 1110
name: 06015001110
num: 2
label: person
pos: 393.214846 189.928434 8.739936 24.734300
occl: 1
lock: 1
posv: 397.491778 191.672601 0.356436 22.619363
label: person
pos: 401.275987 190.450664 9.139891 21.853526
occl: 0
lock: 0
posv: 0.000000 0.000000 0.000000 0.000000
