setid: 6
volid: 10
frameid: 510
name: 06010000510
num: 5
label: people
pos: 510.984117 161.136137 38.821091 54.614335
occl: 0
lock: 0
posv: 0.000000 0.000000 0.000000 0.000000
label: person
pos: 551.611111 171.818931 20.096618 45.314349
occl: 1
lock: 0
posv: 552.563795 174.152089 15.606699 16.636569
label: person
pos: 526.876812 164.751208 23.961353 50.241546
occl: 1
lock: 0
posv: 532.691991 164.751208 18.146173 38.346078
label: person
pos: 504.799517 173.253623 20.934732 46.955585
occl: 1
lock: 0
posv: 505.137493 174.009681 18.881990 20.232510
label: person
pos: 469.436226 177.245195 19.651600 43.300039
occl: 1
lock: 0
posv: 473.160640 181.718980 6.012452 10.122862
