setid: 6
volid: 15
frameid: 570
name: 06015000570
num: 1
label: person
pos: 609.860819 177.148363 24.288471 61.413889
occl: 1
lock: 0
posv: 609.860819 177.148363 24.288471 61.413889
