setid: 6
volid: 16
frameid: 30
name: 06016000030
num: 2
label: person
pos: 438.971412 175.878502 33.454497 76.706939
occl: 0
lock: 0
posv: 0.000000 0.000000 0.000000 0.000000
label: person
pos: 396.773950 174.612741 40.168225 82.515893
occl: 0
lock: 0
posv: 0.000000 0.000000 0.000000 0.000000
