setid: 6
volid: 13
frameid: 1590
name: 06013001590
num: 2
label: person
pos: 448.614138 173.899190 20.997329 41.584541
occl: 0
lock: 0
posv: 0.000000 0.000000 0.000000 0.000000
label: person
pos: 412.429016 178.125810 10.999986 27.090950
occl: 0
lock: 0
posv: 0.000000 0.000000 0.000000 0.000000
