setid: 6
volid: 16
frameid: 720
name: 06016000720
num: 1
label: person
pos: 613.446860 158.567633 25.507246 98.937198
occl: 1
lock: 0
posv: 613.446860 158.567633 25.507246 98.937198
