setid: 6
volid: 15
frameid: 1320
name: 06015001320
num: 3
label: person
pos: 483.903361 181.262717 19.080847 47.090976
occl: 0
lock: 1
posv: 0.000000 0.000000 0.000000 0.000000
label: person
pos: 488.506740 182.305481 14.812371 42.995812
occl: 1
lock: 1
posv: 496.050800 182.719444 0.364258 21.094187
label: person
pos: 138.968498 199.413641 11.443797 20.924808
occl: 1
lock: 1
posv: 140.700297 200.906640 9.711997 15.126662
