setid: 6
volid: 17
frameid: 390
name: 06017000390
num: 1
label: person
pos: 16.076361 169.747278 18.665666 39.348838
occl: 1
lock: 0
posv: 17.799228 169.747278 16.911702 20.245586
