setid: 6
volid: 15
frameid: 150
name: 06015000150
num: 2
label: people
pos: 68.498433 180.867972 42.912863 28.180080
occl: 0
lock: 0
posv: 0.000000 0.000000 0.000000 0.000000
label: person
pos: 139.166667 184.384058 11.381451 21.319711
occl: 0
lock: 0
posv: 0.000000 0.000000 0.000000 0.000000
