setid: 6
volid: 15
frameid: 690
name: 06015000690
num: 2
label: person
pos: 83.666304 199.104150 12.510912 21.847457
occl: 0
lock: 0
posv: 0.000000 0.000000 0.000000 0.000000
label: person
pos: 74.070085 197.446765 11.594203 23.961353
occl: 0
lock: 0
posv: 0.000000 0.000000 0.000000 0.000000
