setid: 6
volid: 12
frameid: 600
name: 06012000600
num: 1
label: person
pos: 515.394201 174.181159 23.033816 66.603581
occl: 0
lock: 0
posv: 0.000000 0.000000 0.000000 0.000000
