setid: 6
volid: 10
frameid: 1800
name: 06010001800
num: 4
label: people
pos: 600.463983 162.432367 39.420290 31.690821
occl: 0
lock: 0
posv: 0.000000 0.000000 0.000000 0.000000
label: people
pos: 40.893791 203.687695 36.980005 34.390026
occl: 0
lock: 0
posv: 0.000000 0.000000 0.000000 0.000000
label: person
pos: 550.588408 176.530774 22.288612 45.237939
occl: 1
lock: 0
posv: 553.447216 176.714185 15.573106 18.478836
label: person
pos: 529.357542 171.875814 23.961353 50.969047
occl: 1
lock: 0
posv: 532.554506 171.875814 18.846704 35.718108
