setid: 6
volid: 13
frameid: 1500
name: 06013001500
num: 3
label: person
pos: 543.149702 179.452980 18.489219 60.250227
occl: 1
lock: 0
posv: 543.149702 179.452980 18.489219 60.250227
label: person
pos: 163.867333 192.173533 16.008756 40.106758
occl: 1
lock: 0
posv: 171.308224 192.255373 1.000000 16.663025
label: person?
pos: 177.357439 190.806039 14.961624 38.837741
occl: 1
lock: 0
posv: 184.707040 190.980189 1.000000 14.912495
