setid: 6
volid: 10
frameid: 1350
name: 06010001350
num: 3
label: people
pos: 600.306763 162.432367 39.420290 31.690821
occl: 0
lock: 0
posv: 0.000000 0.000000 0.000000 0.000000
label: person
pos: 549.737852 176.521881 20.609969 39.611937
occl: 1
lock: 0
posv: 554.270917 176.955955 11.311691 18.834466
label: person
pos: 525.442661 171.811976 24.073803 50.759723
occl: 1
lock: 0
posv: 531.457440 171.811976 18.059023 34.091931
