setid: 6
volid: 12
frameid: 900
name: 06012000900
num: 2
label: people
pos: 160.500000 176.860709 22.415459 34.782609
occl: 0
lock: 0
posv: 0.000000 0.000000 0.000000 0.000000
label: person
pos: 52.267472 188.957487 13.499607 26.588658
occl: 0
lock: 0
posv: 0.000000 0.000000 0.000000 0.000000
