setid: 6
volid: 12
frameid: 60
name: 06012000060
num: 1
label: person
pos: 491.209975 189.326483 18.157893 49.235089
occl: 0
lock: 0
posv: 0.000000 0.000000 0.000000 0.000000
