setid: 6
volid: 12
frameid: 1260
name: 06012001260
num: 3
label: person
pos: 26.796568 199.484172 1.000000 34.782609
occl: 0
lock: 0
posv: 0.000000 0.000000 0.000000 0.000000
label: person
pos: 1.466184 199.905939 22.142938 46.777636
occl: 0
lock: 0
posv: 0.000000 0.000000 0.000000 0.000000
label: person
pos: 502.101733 170.911623 23.163683 51.932935
occl: 0
lock: 0
posv: 0.000000 0.000000 0.000000 0.000000
