setid: 6
volid: 17
frameid: 1110
name: 06017001110
num: 2
label: person
pos: 22.879263 186.324616 16.635621 37.684722
occl: 0
lock: 0
posv: 0.000000 0.000000 0.000000 0.000000
label: person
pos: 8.817838 185.171734 15.422059 39.004933
occl: 0
lock: 0
posv: 0.000000 0.000000 0.000000 0.000000
