setid: 6
volid: 13
frameid: 1530
name: 06013001530
num: 3
label: person
pos: 428.571998 182.344150 17.004831 31.403022
occl: 1
lock: 0
posv: 435.543588 182.354408 8.654610 15.301877
label: person
pos: 131.651477 191.525417 16.197458 38.033928
occl: 1
lock: 0
posv: 133.773554 193.990916 11.137484 10.850057
label: person?
pos: 145.049741 188.887212 17.134384 39.451462
occl: 1
lock: 0
posv: 147.403858 188.887212 13.601580 15.967999
