setid: 6
volid: 14
frameid: 1650
name: 06014001650
num: 1
label: person
pos: 424.483250 194.798523 13.478932 32.467701
occl: 0
lock: 0
posv: 0.000000 0.000000 0.000000 0.000000
