setid: 6
volid: 16
frameid: 540
name: 06016000540
num: 1
label: person
pos: 592.777584 160.470510 28.410418 88.948615
occl: 1
lock: 0
posv: 613.870581 160.494165 1.408093 88.924960
