setid: 6
volid: 15
frameid: 1200
name: 06015001200
num: 2
label: person
pos: 418.299091 189.681586 9.941034 24.417448
occl: 0
lock: 0
posv: 0.000000 0.000000 0.000000 0.000000
label: person
pos: 424.710838 186.996676 7.347239 26.342693
occl: 1
lock: 0
posv: 428.360575 187.059176 1.000000 26.280193
