setid: 6
volid: 10
frameid: 1560
name: 06010001560
num: 3
label: people
pos: 600.306763 162.432367 39.420290 31.690821
occl: 0
lock: 0
posv: 0.000000 0.000000 0.000000 0.000000
label: person
pos: 549.632295 175.651051 21.532845 42.498922
occl: 1
lock: 0
posv: 553.627860 175.651051 11.271876 19.234463
label: person
pos: 526.923840 170.276501 23.961353 50.309698
occl: 1
lock: 0
posv: 531.342678 170.276501 17.223442 31.853446
