setid: 6
volid: 17
frameid: 300
name: 06017000300
num: 1
label: person
pos: 67.491837 189.120286 17.486619 31.936365
occl: 1
lock: 0
posv: 71.749411 190.999680 8.077359 16.253424
