setid: 6
volid: 17
frameid: 630
name: 06017000630
num: 2
label: person
pos: 186.631830 202.625604 11.616937 24.835580
occl: 1
lock: 0
posv: 187.731034 202.625604 10.500217 12.066757
label: person
pos: 200.341864 202.431083 11.882770 24.198390
occl: 0
lock: 0
posv: 0.000000 0.000000 0.000000 0.000000
