setid: 6
volid: 15
frameid: 240
name: 06015000240
num: 5
label: people
pos: 0.500000 194.123188 45.603865 29.371981
occl: 0
lock: 0
posv: 0.000000 0.000000 0.000000 0.000000
label: people
pos: 437.970060 188.813793 23.832528 30.132045
occl: 0
lock: 0
posv: 0.000000 0.000000 0.000000 0.000000
label: person
pos: 418.691533 181.756039 11.487923 28.618357
occl: 0
lock: 0
posv: 0.000000 0.000000 0.000000 0.000000
label: person
pos: 401.935953 184.074879 12.908213 27.516908
occl: 0
lock: 0
posv: 0.000000 0.000000 0.000000 0.000000
label: person
pos: 384.362882 184.366667 11.093964 24.320969
occl: 0
lock: 0
posv: 0.000000 0.000000 0.000000 0.000000
