setid: 6
volid: 15
frameid: 120
name: 06015000120
num: 4
label: people
pos: 99.207403 176.624987 39.191250 24.763491
occl: 0
lock: 0
posv: 0.000000 0.000000 0.000000 0.000000
label: person
pos: 545.374487 176.113527 16.309179 54.260870
occl: 0
lock: 0
posv: 0.000000 0.000000 0.000000 0.000000
label: person
pos: 559.408054 181.002660 11.405553 47.256977
occl: 1
lock: 0
posv: 559.408054 181.002660 11.405553 47.256977
label: person
pos: 576.318698 174.903069 20.395340 54.421597
occl: 0
lock: 0
posv: 0.000000 0.000000 0.000000 0.000000
