setid: 6
volid: 10
frameid: 420
name: 06010000420
num: 2
label: people
pos: 521.321540 160.191844 27.841539 54.614335
occl: 0
lock: 0
posv: 0.000000 0.000000 0.000000 0.000000
label: person
pos: 480.658211 172.530544 18.223782 41.798212
occl: 1
lock: 1
posv: 485.933469 172.530544 12.948525 17.624069
