setid: 6
volid: 12
frameid: 720
name: 06012000720
num: 2
label: person
pos: 74.213100 195.339670 15.458937 34.782609
occl: 0
lock: 0
posv: 0.000000 0.000000 0.000000 0.000000
label: person
pos: 479.883483 179.317575 17.030087 41.408596
occl: 1
lock: 1
posv: 482.869364 180.240472 8.761708 9.843699
