setid: 6
volid: 13
frameid: 630
name: 06013000630
num: 3
label: person
pos: 323.782726 193.541665 31.982823 80.077295
occl: 0
lock: 0
posv: 0.000000 0.000000 0.000000 0.000000
label: person
pos: 134.761069 185.937740 25.904789 67.932282
occl: 1
lock: 0
posv: 135.087894 185.937740 25.507246 59.045351
label: person
pos: 159.955107 188.036998 23.158677 63.080624
occl: 1
lock: 0
posv: 160.475805 188.277563 22.571554 34.173128
