setid: 6
volid: 12
frameid: 1830
name: 06012001830
num: 1
label: person
pos: 9.418570 205.816439 13.127301 28.711759
occl: 0
lock: 0
posv: 0.000000 0.000000 0.000000 0.000000
