setid: 6
volid: 10
frameid: 300
name: 06010000300
num: 1
label: people
pos: 486.941745 173.253623 24.189685 40.448281
occl: 0
lock: 0
posv: 0.000000 0.000000 0.000000 0.000000
