setid: 6
volid: 12
frameid: 120
name: 06012000120
num: 3
label: person
pos: 87.100284 188.394126 13.913043 31.223351
occl: 1
lock: 0
posv: 94.017342 188.394126 1.000000 26.010258
label: person
pos: 101.038529 185.700561 11.920273 34.301568
occl: 0
lock: 1
posv: 0.000000 0.000000 0.000000 0.000000
label: person
pos: 130.176436 182.775978 16.231884 30.709633
occl: 1
lock: 0
posv: 139.677689 183.340684 1.000000 30.144928
