setid: 6
volid: 12
frameid: 1350
name: 06012001350
num: 1
label: person
pos: 18.963245 200.488406 19.323671 34.816982
occl: 1
lock: 0
posv: 29.048717 200.488406 1.000000 34.782609
