setid: 6
volid: 12
frameid: 1530
name: 06012001530
num: 1
label: person
pos: 19.029128 200.588662 19.323671 34.782609
occl: 1
lock: 0
posv: 32.453340 200.588662 1.000000 34.782609
