setid: 6
volid: 14
frameid: 1530
name: 06014001530
num: 1
label: person
pos: 409.356986 198.860980 11.095805 26.982374
occl: 0
lock: 1
posv: 0.000000 0.000000 0.000000 0.000000
