setid: 6
volid: 17
frameid: 240
name: 06017000240
num: 1
label: person
pos: 85.177791 177.426727 17.134656 35.545002
occl: 1
lock: 0
posv: 96.468201 177.572271 1.000000 22.415459
