setid: 6
volid: 12
frameid: 960
name: 06012000960
num: 3
label: people
pos: 90.002700 181.891557 23.847179 37.403707
occl: 0
lock: 0
posv: 0.000000 0.000000 0.000000 0.000000
label: people
pos: 166.364308 182.506678 15.797528 29.891873
occl: 0
lock: 0
posv: 0.000000 0.000000 0.000000 0.000000
label: person
pos: 2.765587 185.779199 11.423208 35.589417
occl: 1
lock: 0
posv: 2.765587 185.779199 11.423208 35.589417
