setid: 6
volid: 15
frameid: 390
name: 06015000390
num: 3
label: person
pos: 615.993241 162.141748 17.648953 89.378422
occl: 0
lock: 0
posv: 0.000000 0.000000 0.000000 0.000000
label: person
pos: 474.597799 180.883907 17.821946 41.126517
occl: 0
lock: 0
posv: 0.000000 0.000000 0.000000 0.000000
label: person
pos: 432.100717 185.876935 14.958481 33.652939
occl: 1
lock: 0
posv: 440.471860 186.911393 1.000000 27.183683
