setid: 6
volid: 16
frameid: 870
name: 06016000870
num: 1
label: person
pos: 602.625604 158.567633 34.009662 104.347826
occl: 0
lock: 0
posv: 0.000000 0.000000 0.000000 0.000000
