setid: 6
volid: 16
frameid: 960
name: 06016000960
num: 1
label: person
pos: 614.757419 158.567633 25.065916 106.238573
occl: 1
lock: 0
posv: 614.757419 158.567633 25.065916 106.238573
