setid: 6
volid: 13
frameid: 810
name: 06013000810
num: 1
label: person
pos: 94.681508 172.514709 28.306427 61.398983
occl: 0
lock: 0
posv: 0.000000 0.000000 0.000000 0.000000
