setid: 6
volid: 12
frameid: 90
name: 06012000090
num: 4
label: person
pos: 552.869376 179.506988 20.684199 66.033456
occl: 0
lock: 0
posv: 0.000000 0.000000 0.000000 0.000000
label: person
pos: 114.953409 190.104290 14.485308 30.917874
occl: 1
lock: 0
posv: 120.628292 190.202384 1.000000 29.103558
label: person
pos: 117.205987 181.911702 14.940290 35.293300
occl: 1
lock: 0
posv: 125.758938 188.570516 1.000000 28.634486
label: person
pos: 160.460090 188.326578 8.036734 24.159994
occl: 0
lock: 0
posv: 0.000000 0.000000 0.000000 0.000000
