setid: 6
volid: 12
frameid: 570
name: 06012000570
num: 1
label: person
pos: 476.377617 179.952496 18.980140 52.474503
occl: 0
lock: 0
posv: 0.000000 0.000000 0.000000 0.000000
