setid: 6
volid: 10
frameid: 1050
name: 06010001050
num: 3
label: people
pos: 600.306763 162.432367 39.420290 31.690821
occl: 0
lock: 0
posv: 0.000000 0.000000 0.000000 0.000000
label: person
pos: 549.912785 177.214099 20.662969 44.675238
occl: 1
lock: 0
posv: 550.243601 177.537860 15.369205 17.885869
label: person
pos: 524.241712 171.839554 23.961353 50.241546
occl: 1
lock: 0
posv: 528.055607 172.360739 15.581384 30.287370
