setid: 6
volid: 11
frameid: 270
name: 06011000270
num: 1
label: person
pos: 496.189301 172.908627 25.112557 59.537250
occl: 1
lock: 0
posv: 496.189301 173.955323 15.798569 23.061700
