setid: 6
volid: 14
frameid: 1800
name: 06014001800
num: 1
label: person
pos: 51.089372 184.036232 10.821256 20.096618
occl: 0
lock: 0
posv: 0.000000 0.000000 0.000000 0.000000
