setid: 6
volid: 15
frameid: 1530
name: 06015001530
num: 1
label: person
pos: 521.886758 179.437198 21.274865 51.787440
occl: 0
lock: 0
posv: 0.000000 0.000000 0.000000 0.000000
