setid: 6
volid: 17
frameid: 660
name: 06017000660
num: 2
label: person
pos: 178.115232 202.625604 13.293693 24.407218
occl: 1
lock: 0
posv: 179.679358 202.625604 11.729567 15.507331
label: person
pos: 193.437662 202.227062 10.187377 24.601142
occl: 0
lock: 0
posv: 0.000000 0.000000 0.000000 0.000000
