setid: 6
volid: 13
frameid: 1470
name: 06013001470
num: 2
label: person
pos: 493.618727 192.356475 18.975419 45.185866
occl: 1
lock: 0
posv: 499.487445 192.356475 9.699200 45.179170
label: person
pos: 186.956101 200.003994 16.489533 32.586474
occl: 1
lock: 0
posv: 195.773698 200.143938 1.000000 14.331538
