setid: 6
volid: 13
frameid: 750
name: 06013000750
num: 1
label: person
pos: 191.240101 178.951517 24.139126 42.597784
occl: 0
lock: 0
posv: 0.000000 0.000000 0.000000 0.000000
