setid: 6
volid: 12
frameid: 150
name: 06012000150
num: 5
label: people
pos: 140.580055 187.923647 34.142167 35.726111
occl: 0
lock: 0
posv: 0.000000 0.000000 0.000000 0.000000
label: person
pos: 11.785024 193.553433 22.106280 42.115649
occl: 1
lock: 0
posv: 23.408887 193.553433 1.000000 40.318293
label: person
pos: 68.157894 195.838524 15.700469 33.915282
occl: 1
lock: 0
posv: 75.866955 195.838524 1.000000 30.708022
label: person
pos: 75.713744 190.846641 16.167059 36.692110
occl: 1
lock: 0
posv: 83.950583 193.423317 1.000000 31.060302
label: person
pos: 114.921680 190.139368 16.231884 30.971129
occl: 1
lock: 0
posv: 125.649829 193.593206 1.000000 27.517291
