setid: 6
volid: 15
frameid: 780
name: 06015000780
num: 3
label: person
pos: 39.701333 199.466696 13.635161 29.054217
occl: 0
lock: 0
posv: 0.000000 0.000000 0.000000 0.000000
label: person
pos: 614.325233 176.296391 18.679989 54.510088
occl: 0
lock: 1
posv: 0.000000 0.000000 0.000000 0.000000
label: person
pos: 27.275027 200.206413 12.719048 28.470748
occl: 0
lock: 0
posv: 0.000000 0.000000 0.000000 0.000000
