setid: 6
volid: 17
frameid: 750
name: 06017000750
num: 3
label: person
pos: 262.253754 201.426197 10.946718 20.981030
occl: 0
lock: 0
posv: 0.000000 0.000000 0.000000 0.000000
label: person
pos: 114.186047 201.157005 15.853367 34.241546
occl: 0
lock: 0
posv: 0.000000 0.000000 0.000000 0.000000
label: person
pos: 136.080116 200.648431 13.119485 28.526892
occl: 0
lock: 0
posv: 0.000000 0.000000 0.000000 0.000000
