setid: 6
volid: 15
frameid: 1740
name: 06015001740
num: 1
label: people
pos: 182.841743 197.857329 15.053140 13.487923
occl: 0
lock: 0
posv: 0.000000 0.000000 0.000000 0.000000
