setid: 6
volid: 12
frameid: 990
name: 06012000990
num: 2
label: people
pos: 46.082141 185.687585 24.893436 40.641723
occl: 0
lock: 0
posv: 0.000000 0.000000 0.000000 0.000000
label: people
pos: 134.480250 185.405229 16.956948 29.891873
occl: 0
lock: 0
posv: 0.000000 0.000000 0.000000 0.000000
