setid: 6
volid: 10
frameid: 1740
name: 06010001740
num: 3
label: people
pos: 600.306763 162.432367 39.420290 31.690821
occl: 0
lock: 0
posv: 0.000000 0.000000 0.000000 0.000000
label: person
pos: 551.776777 176.523249 21.932333 43.177612
occl: 1
lock: 0
posv: 554.260769 176.689972 16.227623 18.706404
label: person
pos: 525.141247 171.078961 23.961353 50.934863
occl: 1
lock: 0
posv: 531.791377 171.078961 16.158277 33.102695
