setid: 6
volid: 16
frameid: 570
name: 06016000570
num: 1
label: person
pos: 610.239382 160.787599 13.971276 88.932718
occl: 1
lock: 0
posv: 610.239382 160.787599 13.971276 88.932718
