setid: 6
volid: 13
frameid: 840
name: 06013000840
num: 1
label: person
pos: 27.939614 157.408213 32.463768 69.951691
occl: 0
lock: 0
posv: 0.000000 0.000000 0.000000 0.000000
