setid: 6
volid: 13
frameid: 1770
name: 06013001770
num: 5
label: person
pos: 271.821524 155.870907 59.997853 101.891573
occl: 0
lock: 0
posv: 0.000000 0.000000 0.000000 0.000000
label: person
pos: 492.526639 169.822393 20.507785 43.900586
occl: 0
lock: 0
posv: 0.000000 0.000000 0.000000 0.000000
label: person
pos: 182.851019 177.066644 17.716143 38.360658
occl: 1
lock: 0
posv: 183.909498 177.787355 15.674815 16.163396
label: person
pos: 39.286196 178.308246 25.808501 56.918733
occl: 1
lock: 0
posv: 52.425918 178.367354 1.000000 40.319020
label: person
pos: 80.190222 177.017802 22.738150 27.853343
occl: 1
lock: 0
posv: 80.190222 177.017802 22.738150 27.853343
