setid: 6
volid: 15
frameid: 60
name: 06015000060
num: 2
label: person
pos: 454.065217 182.528986 14.685990 32.154589
occl: 0
lock: 0
posv: 0.000000 0.000000 0.000000 0.000000
label: person
pos: 465.555325 186.063651 9.554895 23.472324
occl: 1
lock: 0
posv: 465.555325 186.063651 9.554895 23.472324
