setid: 6
volid: 17
frameid: 1350
name: 06017001350
num: 2
label: person
pos: 138.702671 174.671242 28.599034 67.021313
occl: 0
lock: 0
posv: 0.000000 0.000000 0.000000 0.000000
label: person
pos: 107.414146 171.926070 30.000000 70.259022
occl: 0
lock: 0
posv: 0.000000 0.000000 0.000000 0.000000
