setid: 6
volid: 10
frameid: 660
name: 06010000660
num: 4
label: person
pos: 551.224244 176.707322 18.412726 45.854067
occl: 1
lock: 0
posv: 555.027834 176.707322 12.170800 18.529764
label: person
pos: 530.014066 167.888463 23.961353 50.241546
occl: 1
lock: 0
posv: 532.258059 167.888463 16.065014 36.779284
label: person
pos: 557.872142 175.665388 16.711637 39.816497
occl: 1
lock: 0
posv: 565.689318 175.665388 1.000000 19.809826
label: person
pos: 446.774606 185.905378 15.785725 34.013800
occl: 1
lock: 0
posv: 446.774606 185.905378 15.785725 17.822556
