setid: 6
volid: 11
frameid: 30
name: 06011000030
num: 1
label: person
pos: 17.724122 199.401294 34.782609 79.727021
occl: 1
lock: 0
posv: 38.688033 199.401294 1.264026 79.727021
