setid: 6
volid: 13
frameid: 1410
name: 06013001410
num: 1
label: person
pos: 210.049962 207.233872 13.140097 25.430060
occl: 1
lock: 0
posv: 216.270806 207.233872 1.000000 13.114796
