setid: 6
volid: 12
frameid: 180
name: 06012000180
num: 6
label: people
pos: 122.691856 187.444656 38.117322 40.842784
occl: 0
lock: 0
posv: 0.000000 0.000000 0.000000 0.000000
label: person
pos: 618.319052 174.344532 14.112907 41.630580
occl: 1
lock: 0
posv: 618.319052 174.344532 14.112907 41.630580
label: person
pos: 43.605259 200.780956 16.404745 36.655470
occl: 1
lock: 0
posv: 52.653791 200.780956 1.000000 30.615918
label: person
pos: 53.358895 193.956777 16.539339 37.797798
occl: 1
lock: 0
posv: 63.431330 194.227037 1.000000 35.334542
label: person
pos: 105.195640 197.684259 7.557614 27.504617
occl: 0
lock: 0
posv: 0.000000 0.000000 0.000000 0.000000
label: person
pos: 528.804178 187.041948 10.043720 26.794519
occl: 0
lock: 0
posv: 0.000000 0.000000 0.000000 0.000000
