setid: 6
volid: 10
frameid: 1110
name: 06010001110
num: 3
label: people
pos: 600.306763 162.432367 39.420290 31.690821
occl: 0
lock: 0
posv: 0.000000 0.000000 0.000000 0.000000
label: person
pos: 551.804711 176.521881 21.956972 44.592012
occl: 1
lock: 0
posv: 551.810410 176.521881 16.734719 18.425172
label: person
pos: 527.315261 171.082667 23.961353 52.531948
occl: 1
lock: 0
posv: 531.437649 171.082667 14.923277 34.057493
