setid: 6
volid: 13
frameid: 30
name: 06013000030
num: 1
label: person
pos: 36.406283 188.136066 21.144340 47.268123
occl: 0
lock: 0
posv: 0.000000 0.000000 0.000000 0.000000
