setid: 6
volid: 13
frameid: 1740
name: 06013001740
num: 5
label: person
pos: 350.146806 148.656736 50.207193 101.376275
occl: 0
lock: 0
posv: 0.000000 0.000000 0.000000 0.000000
label: person
pos: 488.407378 167.346583 17.461578 41.311573
occl: 0
lock: 0
posv: 0.000000 0.000000 0.000000 0.000000
label: person
pos: 179.868701 174.668409 17.619990 35.692657
occl: 1
lock: 0
posv: 181.737012 175.287042 14.181377 13.581671
label: person
pos: 68.032367 174.678422 24.948626 50.985537
occl: 1
lock: 0
posv: 70.196613 175.054813 21.426446 27.571369
label: person
pos: 101.408137 174.517209 19.426197 26.358245
occl: 1
lock: 0
posv: 101.408137 174.517209 19.426197 26.358245
