setid: 6
volid: 14
frameid: 1680
name: 06014001680
num: 1
label: person
pos: 434.753108 195.031802 16.429036 38.240657
occl: 0
lock: 0
posv: 0.000000 0.000000 0.000000 0.000000
