setid: 6
volid: 10
frameid: 1440
name: 06010001440
num: 3
label: people
pos: 600.306763 162.432367 39.420290 31.690821
occl: 0
lock: 0
posv: 0.000000 0.000000 0.000000 0.000000
label: person
pos: 550.756595 175.419858 20.115422 41.127530
occl: 1
lock: 0
posv: 553.818081 175.419858 10.921236 19.499714
label: person
pos: 529.859815 171.008949 23.961353 52.703879
occl: 1
lock: 0
posv: 535.283453 171.008949 14.114316 36.261539
