setid: 6
volid: 12
frameid: 450
name: 06012000450
num: 1
label: person
pos: 468.211713 161.399412 49.976345 135.519200
occl: 0
lock: 0
posv: 0.000000 0.000000 0.000000 0.000000
