setid: 6
volid: 13
frameid: 1830
name: 06013001830
num: 4
label: person
pos: 80.798636 165.601975 71.838676 124.499432
occl: 0
lock: 0
posv: 0.000000 0.000000 0.000000 0.000000
label: person
pos: 495.805008 175.653595 24.888228 57.116937
occl: 0
lock: 0
posv: 0.000000 0.000000 0.000000 0.000000
label: person
pos: 170.244282 185.969021 20.190504 39.874900
occl: 1
lock: 0
posv: 173.372827 186.149203 16.664779 15.349609
label: person
pos: 60.187879 189.169607 24.064460 48.279183
occl: 1
lock: 0
posv: 60.187879 189.169607 23.795557 28.266620
