setid: 6
volid: 15
frameid: 1290
name: 06015001290
num: 2
label: person
pos: 460.870787 184.672776 15.534868 40.111244
occl: 0
lock: 1
posv: 0.000000 0.000000 0.000000 0.000000
label: person
pos: 468.920032 182.606383 11.632858 38.042244
occl: 1
lock: 0
posv: 472.199607 183.299091 1.000000 30.762428
