setid: 6
volid: 12
frameid: 930
name: 06012000930
num: 2
label: people
pos: 134.039074 178.399403 22.415459 34.782609
occl: 0
lock: 0
posv: 0.000000 0.000000 0.000000 0.000000
label: person
pos: 30.858992 185.466068 13.135409 28.541380
occl: 0
lock: 1
posv: 0.000000 0.000000 0.000000 0.000000
