setid: 6
volid: 13
frameid: 1620
name: 06013001620
num: 3
label: person
pos: 467.213081 163.926731 25.963247 54.879227
occl: 0
lock: 0
posv: 0.000000 0.000000 0.000000 0.000000
label: person
pos: 416.870665 172.197821 16.911140 32.822915
occl: 0
lock: 0
posv: 0.000000 0.000000 0.000000 0.000000
label: person
pos: 166.273494 179.812597 17.545894 28.386851
occl: 1
lock: 0
posv: 169.450319 179.812597 12.143311 26.960757
