setid: 6
volid: 15
frameid: 1470
name: 06015001470
num: 1
label: person
pos: 103.473489 195.281233 13.902030 26.456142
occl: 1
lock: 0
posv: 110.900928 196.484519 1.000000 25.252856
