setid: 6
volid: 15
frameid: 90
name: 06015000090
num: 3
label: person
pos: 487.842995 178.896135 14.685990 37.101449
occl: 0
lock: 0
posv: 0.000000 0.000000 0.000000 0.000000
label: person
pos: 500.186802 179.737434 13.196286 37.106087
occl: 0
lock: 0
posv: 0.000000 0.000000 0.000000 0.000000
label: person
pos: 513.874709 177.891304 15.458937 40.157090
occl: 0
lock: 0
posv: 0.000000 0.000000 0.000000 0.000000
