setid: 6
volid: 14
frameid: 1740
name: 06014001740
num: 1
label: person
pos: 496.828649 192.327141 23.037502 48.653304
occl: 1
lock: 1
posv: 504.051342 194.777596 15.717742 29.212831
