setid: 6
volid: 17
frameid: 60
name: 06017000060
num: 1
label: person
pos: 92.751905 177.062453 15.418603 33.091828
occl: 1
lock: 0
posv: 96.612934 178.238920 8.800340 17.673385
