setid: 6
volid: 15
frameid: 1170
name: 06015001170
num: 2
label: person
pos: 411.662932 189.602657 0.737216 24.175354
occl: 1
lock: 1
posv: 411.662932 189.602657 0.737216 24.175354
label: person
pos: 413.841983 187.411780 8.701572 26.355193
occl: 1
lock: 0
posv: 417.287260 187.486780 1.000000 26.280193
