setid: 6
volid: 12
frameid: 300
name: 06012000300
num: 1
label: person
pos: 580.057409 177.566668 19.344252 47.755672
occl: 1
lock: 0
posv: 582.173645 177.656926 10.712053 47.548589
