setid: 6
volid: 17
frameid: 1800
name: 06017001800
num: 4
label: person
pos: 574.565035 183.193840 20.074875 47.479947
occl: 0
lock: 0
posv: 0.000000 0.000000 0.000000 0.000000
label: person
pos: 449.812589 184.127840 20.711211 40.574561
occl: 1
lock: 0
posv: 453.511719 184.127840 10.215043 21.650210
label: person
pos: 562.624194 175.326655 19.466537 53.125855
occl: 0
lock: 0
posv: 0.000000 0.000000 0.000000 0.000000
label: person
pos: 207.541161 188.278902 13.116910 27.715881
occl: 0
lock: 0
posv: 0.000000 0.000000 0.000000 0.000000
