setid: 6
volid: 16
frameid: 60
name: 06016000060
num: 2
label: person
pos: 589.640097 157.330918 47.458937 161.545894
occl: 0
lock: 0
posv: 0.000000 0.000000 0.000000 0.000000
label: person
pos: 314.577816 183.405270 17.268446 41.534666
occl: 0
lock: 1
posv: 0.000000 0.000000 0.000000 0.000000
