setid: 6
volid: 13
frameid: 330
name: 06013000330
num: 2
label: person
pos: 41.286247 172.301531 12.938092 43.613803
occl: 0
lock: 0
posv: 0.000000 0.000000 0.000000 0.000000
label: person
pos: 58.476750 168.826149 14.629542 46.202826
occl: 0
lock: 0
posv: 0.000000 0.000000 0.000000 0.000000
