setid: 6
volid: 10
frameid: 1170
name: 06010001170
num: 3
label: people
pos: 600.306763 162.432367 39.420290 31.690821
occl: 0
lock: 0
posv: 0.000000 0.000000 0.000000 0.000000
label: person
pos: 551.217967 177.316161 19.920946 43.470323
occl: 1
lock: 1
posv: 553.302202 178.401701 13.440671 18.280394
label: person
pos: 528.374287 173.391900 23.961353 51.016990
occl: 1
lock: 1
posv: 534.414370 173.391900 17.921270 35.021763
