setid: 6
volid: 11
frameid: 1560
name: 06011001560
num: 2
label: person
pos: 408.008978 173.818443 8.168232 28.314517
occl: 0
lock: 0
posv: 0.000000 0.000000 0.000000 0.000000
label: person
pos: 407.585291 169.887485 14.010970 31.600911
occl: 1
lock: 0
posv: 412.787363 170.168891 1.000000 31.049519
