setid: 6
volid: 15
frameid: 720
name: 06015000720
num: 3
label: person
pos: 72.824666 196.963200 13.085962 25.759022
occl: 0
lock: 0
posv: 0.000000 0.000000 0.000000 0.000000
label: person
pos: 472.756635 185.663388 13.109842 33.110445
occl: 1
lock: 0
posv: 472.756635 185.663388 13.109842 33.110445
label: person
pos: 61.549593 197.934319 11.594203 23.961353
occl: 0
lock: 0
posv: 0.000000 0.000000 0.000000 0.000000
