setid: 6
volid: 12
frameid: 240
name: 06012000240
num: 3
label: people
pos: 41.466184 191.774383 68.981963 42.664087
occl: 0
lock: 1
posv: 0.000000 0.000000 0.000000 0.000000
label: person
pos: 25.786989 199.714757 12.774498 38.300247
occl: 0
lock: 0
posv: 0.000000 0.000000 0.000000 0.000000
label: person
pos: 563.441340 182.181211 14.336015 33.079275
occl: 0
lock: 0
posv: 0.000000 0.000000 0.000000 0.000000
