setid: 6
volid: 11
frameid: 1620
name: 06011001620
num: 2
label: person
pos: 520.954601 170.549119 17.864865 49.042613
occl: 0
lock: 0
posv: 0.000000 0.000000 0.000000 0.000000
label: person
pos: 504.931848 165.437464 16.357320 48.390028
occl: 1
lock: 0
posv: 512.008590 166.050467 1.000000 47.777025
