setid: 6
volid: 13
frameid: 1680
name: 06013001680
num: 4
label: person
pos: 459.087855 153.970316 41.703589 79.761132
occl: 0
lock: 0
posv: 0.000000 0.000000 0.000000 0.000000
label: person
pos: 460.161661 161.951396 11.548519 35.582623
occl: 0
lock: 0
posv: 0.000000 0.000000 0.000000 0.000000
label: person
pos: 172.358695 169.349989 17.942580 35.324486
occl: 1
lock: 0
posv: 183.719229 169.572001 1.000000 19.733247
label: person
pos: 113.632092 168.073685 22.353420 37.357912
occl: 1
lock: 0
posv: 115.002300 168.607814 18.978951 23.501313
