setid: 6
volid: 14
frameid: 1710
name: 06014001710
num: 1
label: person
pos: 452.189279 193.433860 19.481858 41.155659
occl: 1
lock: 0
posv: 464.504112 193.433860 1.000000 34.639777
