setid: 6
volid: 12
frameid: 1800
name: 06012001800
num: 1
label: person
pos: 12.821970 207.993667 16.954130 28.709427
occl: 0
lock: 0
posv: 0.000000 0.000000 0.000000 0.000000
