setid: 6
volid: 15
frameid: 870
name: 06015000870
num: 1
label: people
pos: 457.124647 179.716297 59.556095 61.387849
occl: 0
lock: 0
posv: 0.000000 0.000000 0.000000 0.000000
