setid: 6
volid: 15
frameid: 840
name: 06015000840
num: 1
label: people
pos: 468.880824 179.679519 45.821635 51.381548
occl: 0
lock: 0
posv: 0.000000 0.000000 0.000000 0.000000
