setid: 6
volid: 10
frameid: 1470
name: 06010001470
num: 3
label: people
pos: 600.306763 162.432367 39.420290 31.690821
occl: 0
lock: 0
posv: 0.000000 0.000000 0.000000 0.000000
label: person
pos: 551.936192 175.815365 20.087579 42.903267
occl: 1
lock: 0
posv: 554.405050 176.459384 10.049540 18.032638
label: person
pos: 528.434072 166.342569 23.961353 50.241546
occl: 1
lock: 0
posv: 532.669379 167.779294 16.729469 38.877046
