setid: 6
volid: 10
frameid: 1380
name: 06010001380
num: 3
label: people
pos: 600.306763 162.432367 39.420290 31.690821
occl: 0
lock: 0
posv: 0.000000 0.000000 0.000000 0.000000
label: person
pos: 549.737852 176.521881 20.442812 39.094974
occl: 1
lock: 0
posv: 553.764125 177.306024 11.911800 17.264921
label: person
pos: 528.253383 171.941831 23.961353 50.241546
occl: 1
lock: 0
posv: 533.583273 172.313420 15.999809 33.644234
