setid: 6
volid: 16
frameid: 600
name: 06016000600
num: 1
label: person
pos: 609.535749 157.762670 26.950338 97.891143
occl: 1
lock: 0
posv: 609.535749 157.762670 26.950338 97.891143
