setid: 6
volid: 10
frameid: 1680
name: 06010001680
num: 4
label: people
pos: 600.306763 162.432367 39.420290 31.690821
occl: 0
lock: 0
posv: 0.000000 0.000000 0.000000 0.000000
label: person
pos: 35.463768 210.355072 14.685990 31.690821
occl: 1
lock: 0
posv: 35.463768 210.355072 14.685990 31.690821
label: person
pos: 550.384649 177.123785 20.901911 43.214664
occl: 1
lock: 0
posv: 551.229848 177.466576 14.990285 17.119007
label: person
pos: 526.119612 171.503203 23.961353 50.518298
occl: 1
lock: 0
posv: 531.608317 171.503203 17.589761 34.229684
