setid: 6
volid: 10
frameid: 840
name: 06010000840
num: 3
label: people
pos: 597.214976 164.751208 39.420290 31.690821
occl: 0
lock: 0
posv: 0.000000 0.000000 0.000000 0.000000
label: person
pos: 549.841244 176.728666 21.618368 46.039508
occl: 1
lock: 0
posv: 554.860949 177.290042 10.908347 18.642011
label: person
pos: 527.661125 167.888463 23.961353 50.241546
occl: 1
lock: 0
posv: 529.901715 168.759627 19.485042 35.292667
