setid: 6
volid: 12
frameid: 810
name: 06012000810
num: 3
label: person
pos: 584.413708 169.958264 16.858909 48.696293
occl: 0
lock: 0
posv: 0.000000 0.000000 0.000000 0.000000
label: person
pos: 578.397022 172.706471 12.776068 42.904343
occl: 1
lock: 0
posv: 584.361527 172.755186 1.000000 39.129760
label: person
pos: 144.804488 191.561287 13.140097 25.507246
occl: 1
lock: 0
posv: 147.723477 193.154855 8.946253 20.317170
