setid: 6
volid: 10
frameid: 810
name: 06010000810
num: 3
label: people
pos: 597.214976 164.751208 39.420290 31.690821
occl: 0
lock: 0
posv: 0.000000 0.000000 0.000000 0.000000
label: person
pos: 549.826342 177.853911 21.938121 44.138819
occl: 1
lock: 0
posv: 554.926423 177.853911 10.063218 17.560334
label: person
pos: 527.661125 167.888463 23.961353 50.241546
occl: 1
lock: 0
posv: 530.442723 168.012915 19.056767 34.381539
