setid: 6
volid: 12
frameid: 1020
name: 06012001020
num: 3
label: people
pos: 6.404203 189.809968 24.893436 44.248808
occl: 0
lock: 0
posv: 0.000000 0.000000 0.000000 0.000000
label: people
pos: 106.400824 189.686275 19.323671 29.891873
occl: 0
lock: 0
posv: 0.000000 0.000000 0.000000 0.000000
label: person
pos: 63.455570 191.392244 13.554639 27.408931
occl: 0
lock: 0
posv: 0.000000 0.000000 0.000000 0.000000
