setid: 6
volid: 15
frameid: 330
name: 06015000330
num: 5
label: people
pos: 509.664141 179.657376 29.286098 46.720344
occl: 0
lock: 0
posv: 0.000000 0.000000 0.000000 0.000000
label: person
pos: 491.962029 178.769111 16.395652 43.596258
occl: 0
lock: 0
posv: 0.000000 0.000000 0.000000 0.000000
label: person
pos: 462.651967 177.758799 16.298137 45.095928
occl: 0
lock: 0
posv: 0.000000 0.000000 0.000000 0.000000
label: person
pos: 431.804348 186.393720 13.913043 29.371981
occl: 0
lock: 0
posv: 0.000000 0.000000 0.000000 0.000000
label: person
pos: 408.264156 186.227764 6.788848 25.614629
occl: 1
lock: 0
posv: 408.264156 186.227764 6.788848 25.614629
