setid: 6
volid: 15
frameid: 1500
name: 06015001500
num: 1
label: person
pos: 79.795803 203.050340 1.000000 24.659470
occl: 0
lock: 0
posv: 0.000000 0.000000 0.000000 0.000000
