setid: 6
volid: 10
frameid: 1710
name: 06010001710
num: 3
label: people
pos: 600.306763 162.432367 39.420290 31.690821
occl: 0
lock: 0
posv: 0.000000 0.000000 0.000000 0.000000
label: person
pos: 551.020449 176.521881 21.878606 43.489158
occl: 1
lock: 0
posv: 555.537772 177.686364 14.682850 18.074083
label: person
pos: 527.382027 169.979783 23.961353 52.652399
occl: 1
lock: 0
posv: 531.884443 169.979783 16.926742 35.841570
