setid: 6
volid: 16
frameid: 120
name: 06016000120
num: 2
label: person
pos: 485.081841 168.632140 42.234868 113.409321
occl: 0
lock: 0
posv: 0.000000 0.000000 0.000000 0.000000
label: person
pos: 408.695558 183.892569 29.880764 60.505194
occl: 1
lock: 0
posv: 408.695558 221.723759 24.525737 22.674003
