setid: 6
volid: 16
frameid: 930
name: 06016000930
num: 1
label: person
pos: 608.516617 158.567633 29.345585 105.168339
occl: 0
lock: 0
posv: 0.000000 0.000000 0.000000 0.000000
