setid: 6
volid: 12
frameid: 1050
name: 06012001050
num: 2
label: people
pos: 78.833618 193.034669 21.376527 29.891873
occl: 0
lock: 0
posv: 0.000000 0.000000 0.000000 0.000000
label: person
pos: 46.734290 195.949616 15.009680 30.324195
occl: 0
lock: 1
posv: 0.000000 0.000000 0.000000 0.000000
