setid: 6
volid: 10
frameid: 480
name: 06010000480
num: 3
label: people
pos: 513.062439 160.390795 36.444632 54.614335
occl: 0
lock: 0
posv: 0.000000 0.000000 0.000000 0.000000
label: person
pos: 551.921289 170.583714 20.096618 44.895284
occl: 1
lock: 0
posv: 552.893767 171.186983 16.939709 17.901191
label: person
pos: 471.761189 178.129765 20.236239 44.690106
occl: 1
lock: 0
posv: 478.967741 178.129765 1.000000 16.201125
