setid: 6
volid: 17
frameid: 1740
name: 06017001740
num: 4
label: person
pos: 515.025445 189.438772 14.685990 36.448036
occl: 0
lock: 0
posv: 0.000000 0.000000 0.000000 0.000000
label: person
pos: 437.096887 189.501610 18.550725 33.550894
occl: 1
lock: 0
posv: 444.755386 189.577441 1.000000 25.258478
label: person
pos: 500.561296 186.856067 14.685990 39.420290
occl: 1
lock: 0
posv: 500.561296 186.856067 14.685990 39.420290
label: person
pos: 243.385453 193.912002 9.323913 25.241304
occl: 0
lock: 0
posv: 0.000000 0.000000 0.000000 0.000000
