setid: 6
volid: 16
frameid: 480
name: 06016000480
num: 1
label: person
pos: 560.265949 163.213465 22.177229 80.011059
occl: 1
lock: 0
posv: 575.510761 163.213465 1.243281 78.522542
