setid: 6
volid: 10
frameid: 270
name: 06010000270
num: 1
label: people
pos: 472.448991 176.731884 24.189685 39.868571
occl: 0
lock: 0
posv: 0.000000 0.000000 0.000000 0.000000
