setid: 6
volid: 12
frameid: 390
name: 06012000390
num: 1
label: person
pos: 384.692315 184.936597 22.345135 52.073904
occl: 1
lock: 0
posv: 385.028192 185.291225 20.174534 23.923397
