setid: 6
volid: 17
frameid: 1080
name: 06017001080
num: 2
label: person
pos: 35.948085 187.251242 16.888889 35.557003
occl: 1
lock: 0
posv: 36.245728 187.402514 14.397753 8.262385
label: person
pos: 22.010266 185.558208 15.493474 16.695118
occl: 1
lock: 0
posv: 22.010266 185.558208 15.493474 16.695118
