setid: 6
volid: 13
frameid: 1440
name: 06013001440
num: 2
label: person
pos: 461.239102 197.307972 17.129759 43.935160
occl: 0
lock: 0
posv: 0.000000 0.000000 0.000000 0.000000
label: person
pos: 201.802626 206.889644 14.284752 26.631358
occl: 1
lock: 0
posv: 209.313282 207.341207 1.000000 14.138688
