setid: 6
volid: 10
frameid: 870
name: 06010000870
num: 3
label: people
pos: 596.582565 164.751208 39.420290 31.690821
occl: 0
lock: 0
posv: 0.000000 0.000000 0.000000 0.000000
label: person
pos: 550.027351 176.521881 20.749870 45.853401
occl: 1
lock: 0
posv: 554.979126 178.879337 10.938000 16.183131
label: person
pos: 527.661125 167.888463 23.961353 50.241546
occl: 1
lock: 0
posv: 534.287381 167.934997 15.579017 37.317028
