setid: 6
volid: 13
frameid: 660
name: 06013000660
num: 1
label: person
pos: 56.844790 185.672303 39.389353 103.317230
occl: 0
lock: 0
posv: 0.000000 0.000000 0.000000 0.000000
