setid: 6
volid: 10
frameid: 1590
name: 06010001590
num: 3
label: people
pos: 600.306763 162.432367 39.420290 31.690821
occl: 0
lock: 0
posv: 0.000000 0.000000 0.000000 0.000000
label: person
pos: 549.709532 176.521881 21.208030 42.662018
occl: 1
lock: 0
posv: 552.348386 177.295588 12.948632 17.609401
label: person
pos: 522.424491 173.223740 24.472100 51.104473
occl: 1
lock: 0
posv: 527.602865 173.223740 19.293726 29.323770
