setid: 6
volid: 12
frameid: 510
name: 06012000510
num: 1
label: person
pos: 439.111087 188.232991 8.059339 32.096866
occl: 0
lock: 0
posv: 0.000000 0.000000 0.000000 0.000000
