setid: 6
volid: 13
frameid: 1710
name: 06013001710
num: 5
label: person
pos: 414.808281 151.851809 52.007695 87.764502
occl: 0
lock: 0
posv: 0.000000 0.000000 0.000000 0.000000
label: person
pos: 476.528102 164.632735 18.550725 39.571895
occl: 0
lock: 0
posv: 0.000000 0.000000 0.000000 0.000000
label: person
pos: 175.869902 172.040477 18.365960 33.874709
occl: 1
lock: 0
posv: 179.477851 173.322774 12.108968 14.160233
label: person
pos: 94.244113 172.287939 24.104685 44.845340
occl: 1
lock: 0
posv: 94.244113 172.644892 22.346734 24.694963
label: person
pos: 118.625156 171.269380 24.620560 39.465320
occl: 1
lock: 0
posv: 118.625156 171.269380 17.591213 25.737879
