setid: 6
volid: 16
frameid: 660
name: 06016000660
num: 1
label: person
pos: 612.539936 158.567633 25.507246 98.937198
occl: 1
lock: 0
posv: 612.539936 158.567633 25.507246 98.937198
