setid: 6
volid: 10
frameid: 900
name: 06010000900
num: 3
label: people
pos: 596.442029 164.751208 39.420290 31.690821
occl: 0
lock: 0
posv: 0.000000 0.000000 0.000000 0.000000
label: person
pos: 550.337529 176.521881 19.819337 45.543224
occl: 1
lock: 0
posv: 553.270874 177.367663 12.633302 17.840298
label: person
pos: 526.704650 168.009215 23.961353 50.241546
occl: 1
lock: 0
posv: 532.564533 168.672733 16.115239 35.703561
