setid: 6
volid: 12
frameid: 1470
name: 06012001470
num: 1
label: person
pos: 19.029128 200.588662 19.986177 34.782609
occl: 1
lock: 0
posv: 38.015304 200.588662 1.000000 34.782609
