setid: 6
volid: 13
frameid: 600
name: 06013000600
num: 2
label: person
pos: 560.440175 177.460323 22.637804 61.376525
occl: 1
lock: 0
posv: 560.440175 177.460323 22.637804 45.880257
label: person
pos: 579.184153 182.609789 23.029686 52.412879
occl: 1
lock: 1
posv: 582.102643 182.609789 20.111197 26.172421
