setid: 6
volid: 16
frameid: 810
name: 06016000810
num: 1
label: person
pos: 605.253623 158.567633 33.700483 104.151076
occl: 0
lock: 0
posv: 0.000000 0.000000 0.000000 0.000000
