setid: 6
volid: 12
frameid: 630
name: 06012000630
num: 3
label: people
pos: 182.319381 192.279255 20.869565 23.961353
occl: 0
lock: 0
posv: 0.000000 0.000000 0.000000 0.000000
label: person
pos: 625.814010 165.524155 13.913043 91.980676
occl: 0
lock: 1
posv: 0.000000 0.000000 0.000000 0.000000
label: person
pos: 463.265526 183.913837 17.254048 35.627005
occl: 1
lock: 0
posv: 466.036520 183.913837 11.792600 17.192990
