setid: 6
volid: 15
frameid: 1230
name: 06015001230
num: 2
label: person
pos: 430.710855 187.681586 11.492469 30.026712
occl: 0
lock: 0
posv: 0.000000 0.000000 0.000000 0.000000
label: person
pos: 437.443118 187.559453 9.457934 26.583405
occl: 1
lock: 0
posv: 441.471790 187.559453 1.000000 26.583405
