setid: 6
volid: 15
frameid: 1800
name: 06015001800
num: 1
label: people
pos: 88.303860 197.214976 21.429952 14.647343
occl: 0
lock: 0
posv: 0.000000 0.000000 0.000000 0.000000
