setid: 6
volid: 17
frameid: 1500
name: 06017001500
num: 1
label: person?
pos: 458.712531 193.687694 17.777778 36.114510
occl: 1
lock: 0
posv: 459.144614 193.687694 14.449063 21.113264
