setid: 6
volid: 17
frameid: 690
name: 06017000690
num: 2
label: person
pos: 161.504961 205.508313 13.797329 25.290821
occl: 0
lock: 1
posv: 0.000000 0.000000 0.000000 0.000000
label: person
pos: 178.231241 203.371625 12.501127 26.362641
occl: 0
lock: 0
posv: 0.000000 0.000000 0.000000 0.000000
