setid: 6
volid: 10
frameid: 930
name: 06010000930
num: 3
label: people
pos: 596.442029 164.751208 39.420290 31.690821
occl: 0
lock: 0
posv: 0.000000 0.000000 0.000000 0.000000
label: person
pos: 550.596173 176.521881 19.748027 45.177253
occl: 1
lock: 0
posv: 553.800123 178.244819 12.159612 16.893837
label: person
pos: 525.808208 169.217441 23.961353 50.241546
occl: 1
lock: 0
posv: 531.115148 170.126907 15.593259 31.991199
