setid: 6
volid: 17
frameid: 30
name: 06017000030
num: 1
label: person
pos: 94.996577 176.345411 15.460602 28.665090
occl: 1
lock: 0
posv: 99.236537 176.376350 7.196979 18.996719
