setid: 6
volid: 10
frameid: 60
name: 06010000060
num: 1
label: person?
pos: 90.542550 204.635266 14.949104 24.466655
occl: 0
lock: 0
posv: 0.000000 0.000000 0.000000 0.000000
