setid: 6
volid: 12
frameid: 870
name: 06012000870
num: 2
label: people
pos: 185.337359 180.776973 18.447665 27.053140
occl: 0
lock: 0
posv: 0.000000 0.000000 0.000000 0.000000
label: person
pos: 75.977686 187.887891 13.164174 25.581908
occl: 0
lock: 0
posv: 0.000000 0.000000 0.000000 0.000000
