setid: 6
volid: 15
frameid: 210
name: 06015000210
num: 4
label: person
pos: 23.997585 189.330918 15.304348 30.917874
occl: 0
lock: 0
posv: 0.000000 0.000000 0.000000 0.000000
label: people
pos: 42.239130 188.403382 51.014493 26.280193
occl: 0
lock: 0
posv: 0.000000 0.000000 0.000000 0.000000
label: person
pos: 394.425057 183.951208 12.305314 23.064734
occl: 0
lock: 0
posv: 0.000000 0.000000 0.000000 0.000000
label: person
pos: 105.079710 190.103865 13.140097 25.352657
occl: 0
lock: 0
posv: 0.000000 0.000000 0.000000 0.000000
