setid: 6
volid: 10
frameid: 960
name: 06010000960
num: 3
label: people
pos: 596.747140 164.568141 39.420290 31.690821
occl: 0
lock: 0
posv: 0.000000 0.000000 0.000000 0.000000
label: person
pos: 550.787426 176.521881 20.800317 44.738322
occl: 1
lock: 0
posv: 554.587738 177.460919 10.683394 17.883506
label: person
pos: 525.023059 170.554575 23.961353 50.300875
occl: 1
lock: 0
posv: 526.755829 170.554575 17.067593 31.646817
