setid: 6
volid: 12
frameid: 1080
name: 06012001080
num: 2
label: people
pos: 50.838164 196.198068 24.666098 31.161836
occl: 0
lock: 0
posv: 0.000000 0.000000 0.000000 0.000000
label: person
pos: 37.401863 195.989061 13.793056 28.750245
occl: 0
lock: 0
posv: 0.000000 0.000000 0.000000 0.000000
