setid: 6
volid: 12
frameid: 1140
name: 06012001140
num: 1
label: person
pos: 19.478243 192.241887 19.323671 34.452008
occl: 1
lock: 0
posv: 26.091118 193.378121 5.898433 33.315773
