setid: 6
volid: 15
frameid: 1770
name: 06015001770
num: 1
label: people
pos: 139.976611 197.939682 18.241546 14.067633
occl: 0
lock: 0
posv: 0.000000 0.000000 0.000000 0.000000
