setid: 6
volid: 10
frameid: 1770
name: 06010001770
num: 4
label: people
pos: 600.306763 162.432367 39.420290 31.690821
occl: 0
lock: 0
posv: 0.000000 0.000000 0.000000 0.000000
label: people
pos: 35.835180 204.913186 31.631066 31.612958
occl: 0
lock: 0
posv: 0.000000 0.000000 0.000000 0.000000
label: person
pos: 551.362039 175.828055 21.941141 44.906732
occl: 1
lock: 0
posv: 553.252175 175.828055 15.976039 19.202417
label: person
pos: 529.186433 171.308085 23.961353 50.320096
occl: 1
lock: 0
posv: 534.231303 171.308085 15.645116 33.058784
