setid: 6
volid: 10
frameid: 1290
name: 06010001290
num: 3
label: people
pos: 600.306763 162.432367 39.420290 31.690821
occl: 0
lock: 0
posv: 0.000000 0.000000 0.000000 0.000000
label: person
pos: 551.150883 176.521881 20.831622 46.297990
occl: 1
lock: 0
posv: 555.845916 178.435991 11.929728 18.049193
label: person
pos: 527.068141 173.415823 23.961353 50.241546
occl: 1
lock: 0
posv: 531.325088 173.415823 16.915376 31.363658
