setid: 6
volid: 17
frameid: 90
name: 06017000090
num: 1
label: person
pos: 90.419200 177.747391 17.238430 34.009475
occl: 1
lock: 0
posv: 94.253982 179.782849 9.603137 17.084163
