setid: 6
volid: 11
frameid: 1530
name: 06011001530
num: 2
label: person
pos: 389.503062 176.490100 1.000000 20.038706
occl: 0
lock: 0
posv: 0.000000 0.000000 0.000000 0.000000
label: person
pos: 386.609491 174.357114 14.236242 23.612929
occl: 1
lock: 0
posv: 386.609491 174.357114 8.339296 21.751360
