setid: 6
volid: 13
frameid: 780
name: 06013000780
num: 1
label: person
pos: 152.792477 180.477571 23.740271 50.648248
occl: 0
lock: 0
posv: 0.000000 0.000000 0.000000 0.000000
