setid: 6
volid: 10
frameid: 780
name: 06010000780
num: 3
label: people
pos: 597.214976 164.751208 39.420290 31.690821
occl: 0
lock: 0
posv: 0.000000 0.000000 0.000000 0.000000
label: person
pos: 550.037354 177.639528 20.542245 45.490520
occl: 1
lock: 0
posv: 554.459338 179.251911 11.180813 16.363923
label: person
pos: 528.736756 167.888463 23.961353 50.241546
occl: 1
lock: 0
posv: 529.821089 167.888463 19.632146 34.340678
