setid: 6
volid: 17
frameid: 1830
name: 06017001830
num: 4
label: person
pos: 582.159130 179.857659 25.059751 63.105502
occl: 0
lock: 0
posv: 0.000000 0.000000 0.000000 0.000000
label: person
pos: 408.027560 180.355958 20.806493 46.040297
occl: 1
lock: 1
posv: 409.550807 180.355958 15.491623 24.500148
label: person
pos: 560.295067 166.090675 26.914172 71.663836
occl: 0
lock: 0
posv: 0.000000 0.000000 0.000000 0.000000
label: person
pos: 136.575226 187.406650 16.560822 33.568485
occl: 0
lock: 0
posv: 0.000000 0.000000 0.000000 0.000000
