setid: 6
volid: 11
frameid: 300
name: 06011000300
num: 1
label: person
pos: 552.445810 166.420460 37.563985 84.802393
occl: 1
lock: 0
posv: 556.005813 166.420460 22.483295 71.167098
