setid: 6
volid: 14
frameid: 1830
name: 06014001830
num: 1
label: person
pos: 86.635726 177.339199 10.821256 20.096618
occl: 0
lock: 1
posv: 0.000000 0.000000 0.000000 0.000000
