setid: 6
volid: 18
frameid: 660
name: 06018000660
num: 2
label: person
pos: 254.321836 188.950987 83.725604 172.331815
occl: 0
lock: 0
posv: 0.000000 0.000000 0.000000 0.000000
label: person
pos: 146.741546 175.572464 87.342995 189.062802
occl: 0
lock: 0
posv: 0.000000 0.000000 0.000000 0.000000
