setid: 6
volid: 17
frameid: 1020
name: 06017001020
num: 2
label: person
pos: 74.104180 187.396082 13.618156 31.252833
occl: 1
lock: 0
posv: 79.879437 187.396082 1.000000 31.252833
label: person
pos: 74.963194 189.279407 12.658024 30.034155
occl: 0
lock: 0
posv: 0.000000 0.000000 0.000000 0.000000
