setid: 6
volid: 12
frameid: 1500
name: 06012001500
num: 1
label: person
pos: 19.029128 200.588662 20.275458 34.782609
occl: 1
lock: 0
posv: 38.304586 200.588662 1.000000 34.782609
