setid: 6
volid: 13
frameid: 570
name: 06013000570
num: 1
label: person
pos: 490.321230 174.583092 49.685024 178.976682
occl: 1
lock: 0
posv: 495.958937 175.572464 44.047317 59.516908
