setid: 6
volid: 12
frameid: 780
name: 06012000780
num: 1
label: person
pos: 540.320355 175.276860 16.329884 38.004433
occl: 1
lock: 1
posv: 540.320355 175.378306 10.572117 17.386014
