setid: 6
volid: 15
frameid: 1350
name: 06015001350
num: 3
label: person
pos: 529.002415 177.397982 17.004831 55.503134
occl: 1
lock: 0
posv: 537.627405 177.495441 6.473811 55.405675
label: person
pos: 518.626010 176.020571 19.406665 54.863920
occl: 1
lock: 0
posv: 527.992452 176.020571 1.000000 49.644438
label: person
pos: 123.234751 196.287440 10.801069 19.973736
occl: 0
lock: 0
posv: 0.000000 0.000000 0.000000 0.000000
