setid: 6
volid: 12
frameid: 690
name: 06012000690
num: 2
label: person
pos: 569.415059 175.774900 27.685291 59.245294
occl: 1
lock: 0
posv: 569.464703 175.785771 22.838231 49.630223
label: person
pos: 104.343298 194.277778 14.685990 28.599034
occl: 1
lock: 0
posv: 114.309765 194.684554 1.000000 27.058364
