setid: 6
volid: 17
frameid: 120
name: 06017000120
num: 1
label: person
pos: 91.953093 178.480486 15.458937 32.639971
occl: 1
lock: 0
posv: 95.999637 180.078610 9.750340 16.624174
