setid: 6
volid: 15
frameid: 810
name: 06015000810
num: 1
label: people
pos: 476.687629 182.523314 37.081761 44.713436
occl: 0
lock: 0
posv: 0.000000 0.000000 0.000000 0.000000
