setid: 6
volid: 12
frameid: 1680
name: 06012001680
num: 1
label: person
pos: 22.118278 204.600165 19.323671 34.782609
occl: 1
lock: 0
posv: 31.501085 206.949475 1.000000 31.592337
