setid: 6
volid: 10
frameid: 1140
name: 06010001140
num: 3
label: people
pos: 600.306763 162.432367 39.420290 31.690821
occl: 0
lock: 0
posv: 0.000000 0.000000 0.000000 0.000000
label: person
pos: 551.483966 176.521881 20.517621 44.592012
occl: 1
lock: 0
posv: 553.084741 177.775043 15.559046 17.535041
label: person
pos: 530.174944 171.664632 23.961353 50.652007
occl: 1
lock: 0
posv: 532.612046 171.664632 18.141509 35.021763
