setid: 6
volid: 10
frameid: 1230
name: 06010001230
num: 3
label: people
pos: 600.306763 162.432367 39.420290 31.690821
occl: 0
lock: 0
posv: 0.000000 0.000000 0.000000 0.000000
label: person
pos: 552.039898 178.687338 19.172011 43.408785
occl: 1
lock: 0
posv: 552.292069 179.094139 15.303827 17.115836
label: person
pos: 525.781598 173.000254 23.961353 50.241546
occl: 1
lock: 0
posv: 531.110243 173.369617 17.016743 32.128952
