setid: 6
volid: 17
frameid: 210
name: 06017000210
num: 1
label: person
pos: 89.621333 176.101241 15.458937 33.380988
occl: 1
lock: 0
posv: 98.407366 176.462465 1.000000 22.415459
