setid: 6
volid: 10
frameid: 390
name: 06010000390
num: 2
label: people
pos: 513.657404 164.368315 27.724792 54.406816
occl: 0
lock: 0
posv: 0.000000 0.000000 0.000000 0.000000
label: person
pos: 486.215700 173.427132 17.448618 38.381431
occl: 1
lock: 0
posv: 486.215700 173.427132 15.535110 17.972478
