setid: 6
volid: 15
frameid: 930
name: 06015000930
num: 2
label: person
pos: 528.774509 170.229408 25.534379 57.981096
occl: 1
lock: 1
posv: 530.438603 170.581841 18.852950 22.448205
label: person
pos: 487.012449 175.528295 33.468927 63.768116
occl: 1
lock: 1
posv: 492.169509 175.528295 22.928442 30.001435
