setid: 6
volid: 17
frameid: 990
name: 06017000990
num: 2
label: person
pos: 16.871928 187.560673 16.532584 43.667994
occl: 1
lock: 0
posv: 20.060594 188.797942 13.311795 13.076768
label: person
pos: 123.426013 189.618909 15.768116 29.371981
occl: 1
lock: 1
posv: 136.010071 189.618909 0.470000 29.371981
