setid: 6
volid: 17
frameid: 1290
name: 06017001290
num: 2
label: person
pos: 440.728913 188.939064 24.581979 54.324372
occl: 0
lock: 0
posv: 0.000000 0.000000 0.000000 0.000000
label: person
pos: 417.613194 187.422796 25.374222 57.994812
occl: 0
lock: 0
posv: 0.000000 0.000000 0.000000 0.000000
