setid: 6
volid: 10
frameid: 1200
name: 06010001200
num: 3
label: people
pos: 600.306763 162.432367 39.420290 31.690821
occl: 0
lock: 0
posv: 0.000000 0.000000 0.000000 0.000000
label: person
pos: 551.135490 178.436513 19.749628 42.108722
occl: 1
lock: 0
posv: 552.583113 178.442051 15.576330 18.029482
label: person
pos: 528.049861 172.171866 23.961353 50.241546
occl: 1
lock: 0
posv: 532.625902 172.347573 18.694766 34.470751
