setid: 6
volid: 17
frameid: 270
name: 06017000270
num: 1
label: person
pos: 78.584965 184.791939 16.507899 33.995621
occl: 1
lock: 0
posv: 88.317563 186.265910 1.000000 17.100572
