setid: 6
volid: 13
frameid: 1560
name: 06013001560
num: 4
label: person
pos: 442.382921 177.020745 17.503893 36.338706
occl: 1
lock: 0
posv: 448.198993 178.447273 8.802582 15.680697
label: person
pos: 417.577831 183.890106 7.071507 20.080814
occl: 1
lock: 0
posv: 417.577831 183.890106 7.071507 20.080814
label: person
pos: 40.435380 185.385092 25.280098 72.853284
occl: 1
lock: 0
posv: 46.255584 188.204983 16.060061 16.830185
label: person?
pos: 70.274237 184.322184 20.771805 58.659237
occl: 1
lock: 0
posv: 73.512181 185.857787 15.391842 16.112062
