setid: 6
volid: 12
frameid: 1110
name: 06012001110
num: 1
label: person
pos: 25.567018 194.496727 19.323671 33.227072
occl: 1
lock: 0
posv: 34.939352 194.496727 1.000000 28.566263
