setid: 6
volid: 17
frameid: 930
name: 06017000930
num: 2
label: person
pos: 99.482471 189.290147 16.010006 33.374635
occl: 1
lock: 0
posv: 100.550653 190.281072 11.284709 11.358297
label: person
pos: 190.791724 189.710677 16.972340 25.424649
occl: 1
lock: 0
posv: 190.791724 190.916324 14.222222 24.219002
