setid: 6
volid: 12
frameid: 1290
name: 06012001290
num: 2
label: person
pos: 18.304422 199.863956 19.323671 34.782609
occl: 1
lock: 0
posv: 31.321705 199.863956 1.000000 34.782609
label: person
pos: 511.052714 170.097897 23.882566 52.819409
occl: 0
lock: 0
posv: 0.000000 0.000000 0.000000 0.000000
