setid: 6
volid: 12
frameid: 210
name: 06012000210
num: 5
label: people
pos: 92.317951 188.235100 38.647343 41.525007
occl: 0
lock: 0
posv: 0.000000 0.000000 0.000000 0.000000
label: person
pos: 4.756497 199.713015 8.467276 37.536914
occl: 0
lock: 0
posv: 0.000000 0.000000 0.000000 0.000000
label: person
pos: 10.747415 196.854655 14.148122 30.280727
occl: 0
lock: 0
posv: 0.000000 0.000000 0.000000 0.000000
label: person
pos: 65.695189 198.317883 16.647545 34.889865
occl: 1
lock: 0
posv: 73.304873 199.853738 1.000000 26.651752
label: person
pos: 543.921224 183.787040 10.826596 30.087701
occl: 0
lock: 0
posv: 0.000000 0.000000 0.000000 0.000000
