setid: 6
volid: 17
frameid: 1230
name: 06017001230
num: 2
label: person
pos: 314.431026 193.716418 20.253476 45.667368
occl: 0
lock: 0
posv: 0.000000 0.000000 0.000000 0.000000
label: person
pos: 296.527853 192.270124 18.388219 45.599467
occl: 0
lock: 0
posv: 0.000000 0.000000 0.000000 0.000000
