setid: 6
volid: 10
frameid: 1410
name: 06010001410
num: 3
label: people
pos: 600.306763 162.432367 39.420290 31.690821
occl: 0
lock: 0
posv: 0.000000 0.000000 0.000000 0.000000
label: person
pos: 549.737852 175.843448 20.275135 39.256444
occl: 1
lock: 0
posv: 553.657052 175.843448 11.483279 18.764004
label: person
pos: 529.666195 172.402472 23.961353 50.271852
occl: 1
lock: 0
posv: 535.249397 172.402472 14.889176 37.088057
