setid: 6
volid: 12
frameid: 1170
name: 06012001170
num: 1
label: person
pos: 15.185990 193.533760 19.323671 34.782609
occl: 1
lock: 0
posv: 28.152297 193.533760 1.000000 32.835988
