setid: 6
volid: 16
frameid: 630
name: 06016000630
num: 1
label: person
pos: 611.303221 158.567633 25.507246 98.937198
occl: 1
lock: 0
posv: 611.303221 158.567633 25.507246 98.937198
