setid: 6
volid: 17
frameid: 1770
name: 06017001770
num: 4
label: person
pos: 535.257289 189.658056 16.152813 37.435422
occl: 1
lock: 0
posv: 536.628545 189.658056 10.827028 37.008632
label: person
pos: 439.378765 189.291063 18.718510 36.202650
occl: 1
lock: 0
posv: 443.862649 189.291063 10.689642 35.156153
label: person
pos: 521.849389 182.120773 17.637113 43.798380
occl: 0
lock: 0
posv: 0.000000 0.000000 0.000000 0.000000
label: person
pos: 219.938992 192.308649 13.913043 27.826087
occl: 0
lock: 0
posv: 0.000000 0.000000 0.000000 0.000000
