setid: 6
volid: 15
frameid: 1380
name: 06015001380
num: 5
label: person
pos: 598.730321 171.842072 25.863171 77.943521
occl: 0
lock: 1
posv: 0.000000 0.000000 0.000000 0.000000
label: person
pos: 578.697055 172.103723 25.951922 68.121199
occl: 0
lock: 1
posv: 0.000000 0.000000 0.000000 0.000000
label: person
pos: 429.675556 181.079362 18.926441 41.367622
occl: 1
lock: 1
posv: 429.675556 181.168190 16.162072 24.238694
label: person?
pos: 460.309602 180.016908 19.305124 43.268229
occl: 1
lock: 0
posv: 464.351655 180.016908 14.716059 14.150524
label: person
pos: 114.940976 193.859638 1.000000 21.119016
occl: 0
lock: 0
posv: 0.000000 0.000000 0.000000 0.000000
