setid: 6
volid: 12
frameid: 1650
name: 06012001650
num: 1
label: person
pos: 25.640419 209.394797 11.241186 27.153833
occl: 0
lock: 0
posv: 0.000000 0.000000 0.000000 0.000000
