setid: 6
volid: 15
frameid: 540
name: 06015000540
num: 1
label: person
pos: 529.582126 179.437198 21.256039 52.173913
occl: 0
lock: 0
posv: 0.000000 0.000000 0.000000 0.000000
