setid: 6
volid: 17
frameid: 780
name: 06017000780
num: 3
label: person
pos: 255.572464 200.306763 15.458937 23.961353
occl: 0
lock: 0
posv: 0.000000 0.000000 0.000000 0.000000
label: person
pos: 96.184982 199.078712 17.310918 39.258517
occl: 0
lock: 0
posv: 0.000000 0.000000 0.000000 0.000000
label: person
pos: 122.024727 198.517143 14.685990 34.023089
occl: 1
lock: 0
posv: 122.132144 198.517143 11.707213 31.915874
