setid: 6
volid: 14
frameid: 1590
name: 06014001590
num: 1
label: person
pos: 422.833156 195.264255 3.822787 29.826640
occl: 0
lock: 0
posv: 0.000000 0.000000 0.000000 0.000000
