setid: 6
volid: 12
frameid: 270
name: 06012000270
num: 2
label: people
pos: 3.646654 195.489187 53.091148 46.698327
occl: 0
lock: 0
posv: 0.000000 0.000000 0.000000 0.000000
label: person
pos: 581.882531 179.880352 15.681699 37.518347
occl: 0
lock: 0
posv: 0.000000 0.000000 0.000000 0.000000
