setid: 6
volid: 10
frameid: 600
name: 06010000600
num: 4
label: person
pos: 551.555585 176.242018 19.945359 45.647320
occl: 1
lock: 0
posv: 553.669620 176.345411 11.686261 18.699283
label: person
pos: 527.817988 165.692384 23.961353 50.241546
occl: 1
lock: 0
posv: 531.137450 165.692384 20.641890 38.293395
label: person
pos: 517.993166 174.720555 18.550725 48.357797
occl: 1
lock: 0
posv: 522.037256 174.752355 10.042266 24.377353
label: person
pos: 456.337920 182.381795 19.076185 36.819335
occl: 1
lock: 0
posv: 462.282233 183.931840 9.274805 11.132027
