setid: 6
volid: 10
frameid: 540
name: 06010000540
num: 4
label: person
pos: 549.906091 174.191465 20.457535 47.491087
occl: 1
lock: 0
posv: 551.611111 175.114517 13.658035 17.654613
label: person
pos: 526.876812 164.751208 24.615679 50.241546
occl: 1
lock: 0
posv: 532.503635 168.022839 18.988855 37.811259
label: person
pos: 500.413657 175.579956 18.788232 44.448315
occl: 1
lock: 0
posv: 502.535388 175.588947 16.666501 19.353994
label: person
pos: 464.417013 180.436734 19.323671 38.350826
occl: 1
lock: 0
posv: 470.223667 181.009727 9.465738 12.920428
