setid: 6
volid: 10
frameid: 90
name: 06010000090
num: 1
label: person?
pos: 70.671071 204.859948 23.188406 24.741501
occl: 1
lock: 0
posv: 82.286618 204.859948 1.000000 24.734300
