setid: 6
volid: 17
frameid: 360
name: 06017000360
num: 1
label: person
pos: 34.505718 178.703210 11.753613 32.868058
occl: 0
lock: 0
posv: 0.000000 0.000000 0.000000 0.000000
