setid: 6
volid: 10
frameid: 240
name: 06010000240
num: 1
label: people
pos: 462.413043 177.814010 20.869565 34.743961
occl: 0
lock: 0
posv: 0.000000 0.000000 0.000000 0.000000
