setid: 6
volid: 17
frameid: 1140
name: 06017001140
num: 2
label: person
pos: 28.059784 189.429896 15.088889 38.647343
occl: 0
lock: 1
posv: 0.000000 0.000000 0.000000 0.000000
label: person
pos: 11.822439 187.611132 16.281046 40.732452
occl: 0
lock: 1
posv: 0.000000 0.000000 0.000000 0.000000
