setid: 6
volid: 16
frameid: 150
name: 06016000150
num: 1
label: person
pos: 498.607568 178.102585 37.298414 83.870370
occl: 1
lock: 0
posv: 498.762403 219.654425 30.101578 42.248524
