setid: 6
volid: 15
frameid: 1440
name: 06015001440
num: 3
label: person
pos: 522.570451 171.296950 24.278583 61.256039
occl: 0
lock: 0
posv: 0.000000 0.000000 0.000000 0.000000
label: person?
pos: 549.437369 170.254589 22.539207 60.629902
occl: 1
lock: 0
posv: 549.891743 171.076134 17.522550 24.346215
label: person
pos: 111.894233 196.138496 10.915134 22.256115
occl: 0
lock: 0
posv: 0.000000 0.000000 0.000000 0.000000
