setid: 6
volid: 12
frameid: 1200
name: 06012001200
num: 2
label: person
pos: 20.905786 196.690622 19.323671 34.782609
occl: 1
lock: 0
posv: 32.751324 197.707576 1.000000 33.368468
label: person
pos: 53.344957 194.711889 19.902808 41.666024
occl: 0
lock: 0
posv: 0.000000 0.000000 0.000000 0.000000
