setid: 6
volid: 10
frameid: 450
name: 06010000450
num: 3
label: people
pos: 520.161126 160.059532 29.213440 54.614335
occl: 0
lock: 0
posv: 0.000000 0.000000 0.000000 0.000000
label: person
pos: 555.168911 167.745913 20.209254 46.595767
occl: 1
lock: 0
posv: 555.168911 169.093959 13.728944 17.571210
label: person
pos: 475.252827 175.517603 17.089751 43.218261
occl: 1
lock: 0
posv: 483.331841 175.517603 1.000000 17.382462
