setid: 6
volid: 10
frameid: 1620
name: 06010001620
num: 3
label: people
pos: 600.306763 162.432367 39.420290 31.690821
occl: 0
lock: 0
posv: 0.000000 0.000000 0.000000 0.000000
label: person
pos: 549.955233 177.135360 19.785450 42.755055
occl: 1
lock: 0
posv: 551.814636 177.135360 13.240806 17.502054
label: person
pos: 522.895951 174.196783 23.961353 50.474294
occl: 1
lock: 0
posv: 525.509322 174.196783 19.505429 27.735499
