setid: 6
volid: 10
frameid: 1320
name: 06010001320
num: 3
label: people
pos: 600.306763 162.432367 39.420290 31.690821
occl: 0
lock: 0
posv: 0.000000 0.000000 0.000000 0.000000
label: person
pos: 550.116958 176.521881 20.746863 41.645324
occl: 1
lock: 0
posv: 554.850196 177.231885 10.533681 17.323578
label: person
pos: 525.293472 171.733887 23.961353 50.241546
occl: 1
lock: 0
posv: 531.449821 172.026936 17.628804 31.194992
