setid: 6
volid: 13
frameid: 1800
name: 06013001800
num: 5
label: person
pos: 197.652979 157.794686 47.304348 109.964573
occl: 0
lock: 0
posv: 0.000000 0.000000 0.000000 0.000000
label: person
pos: 496.220893 175.239273 20.626289 44.884037
occl: 0
lock: 0
posv: 0.000000 0.000000 0.000000 0.000000
label: person
pos: 181.405639 182.540446 17.399182 39.090410
occl: 1
lock: 0
posv: 182.021455 182.637068 14.914255 15.776281
label: person
pos: 106.164088 184.079624 20.263378 42.369932
occl: 1
lock: 0
posv: 106.164088 185.049464 19.500737 29.256952
label: person
pos: 42.790283 178.691986 23.311628 33.343131
occl: 0
lock: 0
posv: 0.000000 0.000000 0.000000 0.000000
