setid: 6
volid: 15
frameid: 1410
name: 06015001410
num: 3
label: person
pos: 464.964206 181.086520 20.470016 47.441753
occl: 0
lock: 0
posv: 0.000000 0.000000 0.000000 0.000000
label: person?
pos: 496.692015 178.857488 19.272344 48.903071
occl: 1
lock: 0
posv: 497.837170 178.857488 17.777778 18.550725
label: person
pos: 107.307086 194.258885 11.283523 23.401187
occl: 0
lock: 0
posv: 0.000000 0.000000 0.000000 0.000000
