setid: 6
volid: 17
frameid: 840
name: 06017000840
num: 2
label: person
pos: 29.419011 193.045325 18.230747 42.198636
occl: 0
lock: 0
posv: 0.000000 0.000000 0.000000 0.000000
label: person
pos: 263.207872 192.977693 13.140097 23.961353
occl: 0
lock: 1
posv: 0.000000 0.000000 0.000000 0.000000
