setid: 6
volid: 12
frameid: 1230
name: 06012001230
num: 2
label: person
pos: 22.390287 198.302529 19.323671 34.817761
occl: 1
lock: 0
posv: 28.506945 198.302529 1.000000 34.782609
label: person
pos: 26.362745 196.403524 21.642512 43.772521
occl: 1
lock: 0
posv: 37.693968 196.403524 1.000000 43.772521
