setid: 6
volid: 15
frameid: 270
name: 06015000270
num: 5
label: people
pos: 466.275201 186.393720 27.697262 35.156200
occl: 0
lock: 0
posv: 0.000000 0.000000 0.000000 0.000000
label: people
pos: 446.286855 186.523649 17.434246 29.200215
occl: 0
lock: 0
posv: 0.000000 0.000000 0.000000 0.000000
label: person
pos: 435.692385 181.756039 12.357488 32.676329
occl: 0
lock: 0
posv: 0.000000 0.000000 0.000000 0.000000
label: person
pos: 416.907224 184.074879 13.487923 32.154589
occl: 0
lock: 0
posv: 0.000000 0.000000 0.000000 0.000000
label: person
pos: 394.987058 189.263467 5.979253 20.258007
occl: 1
lock: 0
posv: 394.987058 189.263467 5.979253 20.258007
