setid: 6
volid: 10
frameid: 690
name: 06010000690
num: 3
label: person
pos: 549.540128 176.157270 23.044778 47.748223
occl: 1
lock: 0
posv: 556.168071 177.852283 10.734637 18.497733
label: person
pos: 530.014066 167.888463 23.961353 50.241546
occl: 1
lock: 0
posv: 531.800256 168.870293 18.230790 36.960085
label: person
pos: 441.129770 184.465047 19.109373 41.353208
occl: 1
lock: 0
posv: 444.389328 184.897114 11.784178 18.046006
