setid: 6
volid: 15
frameid: 450
name: 06015000450
num: 3
label: person
pos: 562.045894 174.954106 25.043478 61.990338
occl: 0
lock: 0
posv: 0.000000 0.000000 0.000000 0.000000
label: person
pos: 52.493157 199.604007 11.402030 27.053140
occl: 0
lock: 1
posv: 0.000000 0.000000 0.000000 0.000000
label: person
pos: 467.821922 178.668751 18.144700 41.359520
occl: 1
lock: 0
posv: 480.961737 178.856775 1.000000 17.525200
