setid: 6
volid: 17
frameid: 1260
name: 06017001260
num: 2
label: person
pos: 418.535785 192.698246 22.417728 49.995870
occl: 0
lock: 1
posv: 0.000000 0.000000 0.000000 0.000000
label: person
pos: 396.254090 190.753582 19.748284 52.888059
occl: 0
lock: 0
posv: 0.000000 0.000000 0.000000 0.000000
