setid: 6
volid: 12
frameid: 1320
name: 06012001320
num: 1
label: person
pos: 18.633833 200.193367 19.323671 34.782609
occl: 1
lock: 0
posv: 27.970228 200.193367 1.000000 34.782609
