setid: 6
volid: 12
frameid: 1770
name: 06012001770
num: 1
label: person
pos: 21.799464 209.795552 11.134503 24.551777
occl: 0
lock: 0
posv: 0.000000 0.000000 0.000000 0.000000
