setid: 6
volid: 10
frameid: 360
name: 06010000360
num: 2
label: people
pos: 504.376243 166.215537 24.540864 48.129694
occl: 0
lock: 0
posv: 0.000000 0.000000 0.000000 0.000000
label: person
pos: 486.593639 175.561821 16.897720 33.131314
occl: 0
lock: 1
posv: 0.000000 0.000000 0.000000 0.000000
