setid: 6
volid: 15
frameid: 1590
name: 06015001590
num: 1
label: person
pos: 593.350242 170.934783 30.697032 85.024155
occl: 0
lock: 0
posv: 0.000000 0.000000 0.000000 0.000000
