setid: 6
volid: 12
frameid: 660
name: 06012000660
num: 2
label: person
pos: 499.223926 181.270160 22.640785 43.435840
occl: 1
lock: 0
posv: 499.223926 181.270160 22.354916 22.770006
label: person
pos: 133.930684 189.846104 10.485569 25.349432
occl: 0
lock: 0
posv: 0.000000 0.000000 0.000000 0.000000
