setid: 6
volid: 11
frameid: 1650
name: 06011001650
num: 1
label: person
pos: 594.423372 155.091709 25.600904 86.768272
occl: 1
lock: 0
posv: 606.237760 156.272130 1.331683 84.021596
