setid: 6
volid: 16
frameid: 90
name: 06016000090
num: 1
label: person
pos: 372.852765 178.556683 27.110705 59.406012
occl: 0
lock: 0
posv: 0.000000 0.000000 0.000000 0.000000
