setid: 6
volid: 14
frameid: 1620
name: 06014001620
num: 1
label: person
pos: 417.891304 193.350242 13.913043 31.690821
occl: 1
lock: 0
posv: 425.088711 193.350242 1.000000 31.690821
