setid: 6
volid: 17
frameid: 1200
name: 06017001200
num: 2
label: person
pos: 213.493237 193.791731 18.717889 41.184348
occl: 1
lock: 0
posv: 223.333950 193.791731 1.000000 30.705112
label: person
pos: 193.545774 191.637088 18.283753 46.578848
occl: 1
lock: 0
posv: 203.664862 191.637088 1.089091 34.849235
