setid: 6
volid: 17
frameid: 1710
name: 06017001710
num: 3
label: person
pos: 478.994347 189.412318 14.703622 34.745393
occl: 0
lock: 0
posv: 0.000000 0.000000 0.000000 0.000000
label: person
pos: 416.000877 188.603829 18.072166 31.609687
occl: 1
lock: 0
posv: 423.553910 190.746310 1.000000 15.608265
label: person
pos: 465.997131 184.962082 14.685990 40.952679
occl: 1
lock: 0
posv: 476.861789 184.962082 1.000000 39.420290
