setid: 6
volid: 10
frameid: 120
name: 06010000120
num: 1
label: person?
pos: 50.668791 208.526445 24.891517 24.822690
occl: 1
lock: 0
posv: 67.100908 208.526445 1.000000 24.734300
