setid: 6
volid: 15
frameid: 480
name: 06015000480
num: 3
label: person
pos: 4.341858 199.674197 15.668230 32.323387
occl: 0
lock: 0
posv: 0.000000 0.000000 0.000000 0.000000
label: person
pos: 501.971324 177.876226 22.110600 49.352462
occl: 1
lock: 0
posv: 513.427930 177.876226 1.000000 25.707356
label: person
pos: 446.022258 187.169280 19.069504 40.513317
occl: 1
lock: 0
posv: 458.092456 187.169280 1.000000 15.395910
