setid: 6
volid: 15
frameid: 1080
name: 06015001080
num: 1
label: person
pos: 392.204172 187.456871 9.285739 22.227140
occl: 0
lock: 0
posv: 0.000000 0.000000 0.000000 0.000000
