setid: 6
volid: 13
frameid: 1650
name: 06013001650
num: 4
label: person
pos: 475.707555 155.612633 29.826687 63.315390
occl: 0
lock: 0
posv: 0.000000 0.000000 0.000000 0.000000
label: person
pos: 436.557099 162.667544 14.956650 37.603175
occl: 0
lock: 0
posv: 0.000000 0.000000 0.000000 0.000000
label: person
pos: 174.661089 173.417109 16.740366 31.523233
occl: 1
lock: 1
posv: 178.926224 173.417109 12.475231 13.635184
label: person
pos: 138.696958 173.603248 20.170745 33.663440
occl: 1
lock: 0
posv: 139.978144 173.617157 14.453121 22.616011
