setid: 7
volid: 9
frameid: 1650
name: 07009001650
num: 2
label: person
pos: 314.159298 173.338342 12.816960 21.663678
occl: 0
lock: 0
posv: 0.000000 0.000000 0.000000 0.000000
label: person
pos: 117.465173 170.291720 17.004831 35.116609
occl: 1
lock: 0
posv: 125.451126 171.432762 1.000000 33.975567
