setid: 7
volid: 9
frameid: 630
name: 07009000630
num: 2
label: person
pos: 429.927678 179.889741 15.739187 32.609882
occl: 0
lock: 0
posv: 0.000000 0.000000 0.000000 0.000000
label: person
pos: 134.118305 177.272686 10.348673 33.303229
occl: 1
lock: 0
posv: 135.677475 178.507703 2.702426 32.068211
