setid: 7
volid: 2
frameid: 1800
name: 07002001800
num: 1
label: people
pos: 92.484917 202.631271 57.865844 32.424608
occl: 0
lock: 0
posv: 0.000000 0.000000 0.000000 0.000000
