setid: 7
volid: 6
frameid: 1440
name: 07006001440
num: 2
label: person
pos: 124.289542 185.530179 16.726797 35.665246
occl: 0
lock: 0
posv: 0.000000 0.000000 0.000000 0.000000
label: person
pos: 58.669014 192.639244 12.515272 35.035651
occl: 0
lock: 0
posv: 0.000000 0.000000 0.000000 0.000000
