setid: 7
volid: 2
frameid: 690
name: 07002000690
num: 3
label: person
pos: 144.789505 148.779749 29.447178 140.743170
occl: 1
lock: 0
posv: 144.789505 148.779749 29.447178 140.743170
label: person
pos: 152.542257 149.424059 50.202890 136.849193
occl: 1
lock: 0
posv: 152.542257 149.441879 43.112484 104.019926
label: person
pos: 443.203645 174.723333 12.666152 33.865029
occl: 0
lock: 0
posv: 0.000000 0.000000 0.000000 0.000000
