setid: 7
volid: 3
frameid: 30
name: 07003000030
num: 2
label: person
pos: 476.534797 170.386705 20.844391 40.144753
occl: 0
lock: 0
posv: 0.000000 0.000000 0.000000 0.000000
label: person
pos: 140.819927 177.097004 17.302370 32.120204
occl: 0
lock: 0
posv: 0.000000 0.000000 0.000000 0.000000
