setid: 7
volid: 6
frameid: 1470
name: 07006001470
num: 2
label: person
pos: 123.249020 188.098806 16.026144 33.387710
occl: 0
lock: 0
posv: 0.000000 0.000000 0.000000 0.000000
label: person
pos: 55.732168 192.639244 15.805058 37.812447
occl: 0
lock: 0
posv: 0.000000 0.000000 0.000000 0.000000
