setid: 7
volid: 2
frameid: 630
name: 07002000630
num: 2
label: person
pos: 361.556465 142.603633 40.578892 126.029621
occl: 1
lock: 0
posv: 379.237202 143.668205 1.838967 92.674893
label: person
pos: 397.821796 142.806792 47.428547 138.618178
occl: 1
lock: 0
posv: 407.474484 142.806792 29.884949 64.463987
