setid: 7
volid: 7
frameid: 420
name: 07007000420
num: 1
label: person
pos: 591.108696 140.016908 45.320546 213.256039
occl: 0
lock: 0
posv: 0.000000 0.000000 0.000000 0.000000
