setid: 7
volid: 6
frameid: 90
name: 07006000090
num: 4
label: person
pos: 430.757175 160.459591 12.367150 28.019324
occl: 0
lock: 0
posv: 0.000000 0.000000 0.000000 0.000000
label: person
pos: 534.736573 149.412610 24.634150 62.673529
occl: 0
lock: 0
posv: 0.000000 0.000000 0.000000 0.000000
label: person
pos: 129.909105 165.409656 9.907927 30.724313
occl: 0
lock: 0
posv: 0.000000 0.000000 0.000000 0.000000
label: person
pos: 438.503337 171.675520 7.586461 15.415109
occl: 0
lock: 0
posv: 0.000000 0.000000 0.000000 0.000000
