setid: 7
volid: 2
frameid: 570
name: 07002000570
num: 3
label: people
pos: 163.502185 175.352362 35.298531 25.476478
occl: 0
lock: 0
posv: 0.000000 0.000000 0.000000 0.000000
label: person
pos: 512.061467 153.867893 30.908993 96.929569
occl: 0
lock: 0
posv: 0.000000 0.000000 0.000000 0.000000
label: person
pos: 539.153350 151.277431 31.708915 101.211413
occl: 0
lock: 0
posv: 0.000000 0.000000 0.000000 0.000000
