setid: 7
volid: 1
frameid: 1620
name: 07001001620
num: 3
label: person
pos: 406.308929 182.535545 20.406431 35.015866
occl: 1
lock: 0
posv: 407.022634 182.602382 15.953587 34.949029
label: person
pos: 516.709726 181.311706 17.219816 36.811188
occl: 1
lock: 0
posv: 517.167913 182.792929 16.054252 23.413883
label: person
pos: 608.461399 175.264777 19.502252 42.413474
occl: 1
lock: 0
posv: 611.226692 175.289521 14.219026 22.174974
