setid: 7
volid: 9
frameid: 120
name: 07009000120
num: 3
label: person
pos: 67.762361 206.532680 12.367150 27.826087
occl: 0
lock: 0
posv: 0.000000 0.000000 0.000000 0.000000
label: person
pos: 450.580222 191.353794 13.251492 30.070048
occl: 0
lock: 0
posv: 0.000000 0.000000 0.000000 0.000000
label: person
pos: 241.927377 196.140094 16.391052 29.390643
occl: 0
lock: 0
posv: 0.000000 0.000000 0.000000 0.000000
