setid: 7
volid: 5
frameid: 2010
name: 07005002010
num: 2
label: person
pos: 48.975419 194.382696 14.416312 31.635162
occl: 0
lock: 1
posv: 0.000000 0.000000 0.000000 0.000000
label: person
pos: 64.562927 196.933170 13.334138 31.909813
occl: 0
lock: 0
posv: 0.000000 0.000000 0.000000 0.000000
