setid: 7
volid: 4
frameid: 1230
name: 07004001230
num: 1
label: people
pos: 94.923522 182.163193 20.924898 38.824932
occl: 0
lock: 0
posv: 0.000000 0.000000 0.000000 0.000000
