setid: 7
volid: 1
frameid: 1080
name: 07001001080
num: 1
label: person
pos: 470.309409 180.128468 16.559710 49.100121
occl: 0
lock: 0
posv: 0.000000 0.000000 0.000000 0.000000
