setid: 7
volid: 2
frameid: 1050
name: 07002001050
num: 3
label: person
pos: 625.345827 167.120746 13.812075 120.572430
occl: 1
lock: 0
posv: 637.173841 167.120746 1.788333 111.622755
label: person
pos: 438.015512 180.413827 13.896261 32.687143
occl: 1
lock: 0
posv: 442.538629 182.377681 7.836644 18.514900
label: person
pos: 627.728729 166.772618 12.771271 128.154403
occl: 1
lock: 0
posv: 636.823727 166.772618 1.782857 111.526134
