setid: 7
volid: 9
frameid: 1050
name: 07009001050
num: 4
label: person
pos: 251.138392 186.537837 14.685990 30.917874
occl: 0
lock: 0
posv: 0.000000 0.000000 0.000000 0.000000
label: person
pos: 84.961076 187.799972 16.830065 38.975561
occl: 0
lock: 0
posv: 0.000000 0.000000 0.000000 0.000000
label: person
pos: 296.515752 182.463058 16.352534 33.368346
occl: 1
lock: 0
posv: 296.515752 185.686476 1.000000 30.144928
label: person?
pos: 459.486309 183.622518 14.011168 30.556632
occl: 1
lock: 0
posv: 464.958167 183.622518 1.000000 15.151069
