setid: 7
volid: 3
frameid: 630
name: 07003000630
num: 4
label: person
pos: 459.700994 174.497879 8.562074 30.322327
occl: 1
lock: 0
posv: 459.700994 174.497879 8.562074 30.322327
label: person
pos: 450.733319 172.796365 9.040662 31.056429
occl: 1
lock: 0
posv: 455.500075 172.796365 1.000000 31.056429
label: person
pos: 434.758142 174.490672 12.346237 33.198713
occl: 1
lock: 0
posv: 438.195006 174.490672 8.909374 31.360612
label: person
pos: 312.396713 177.036859 18.359464 41.434501
occl: 0
lock: 0
posv: 0.000000 0.000000 0.000000 0.000000
