setid: 7
volid: 1
frameid: 330
name: 07001000330
num: 1
label: person
pos: 446.454162 140.253920 103.835947 261.326900
occl: 0
lock: 0
posv: 0.000000 0.000000 0.000000 0.000000
