setid: 7
volid: 9
frameid: 1440
name: 07009001440
num: 3
label: person
pos: 333.001652 189.367263 18.770975 32.152565
occl: 0
lock: 0
posv: 0.000000 0.000000 0.000000 0.000000
label: person?
pos: 490.524675 184.022270 17.694057 44.111435
occl: 1
lock: 0
posv: 493.698493 184.022270 10.484463 10.958741
label: person
pos: 306.277778 188.488633 14.283319 25.507246
occl: 0
lock: 0
posv: 0.000000 0.000000 0.000000 0.000000
