setid: 7
volid: 6
frameid: 270
name: 07006000270
num: 6
label: person
pos: 470.142512 163.480961 27.591702 71.299233
occl: 0
lock: 0
posv: 0.000000 0.000000 0.000000 0.000000
label: person
pos: 39.490102 190.603977 16.041508 35.723969
occl: 0
lock: 0
posv: 0.000000 0.000000 0.000000 0.000000
label: person
pos: 369.695652 177.272947 17.979710 44.359193
occl: 0
lock: 0
posv: 0.000000 0.000000 0.000000 0.000000
label: person
pos: 500.642370 168.428144 24.388860 67.758966
occl: 0
lock: 0
posv: 0.000000 0.000000 0.000000 0.000000
label: person
pos: 2.059133 195.220432 1.000000 30.477636
occl: 1
lock: 0
posv: 2.059133 195.220432 1.000000 30.477636
label: person
pos: 11.529270 195.921995 12.367150 30.845979
occl: 0
lock: 1
posv: 0.000000 0.000000 0.000000 0.000000
