setid: 7
volid: 6
frameid: 1800
name: 07006001800
num: 1
label: person
pos: 594.475597 161.400824 26.219558 78.274733
occl: 0
lock: 0
posv: 0.000000 0.000000 0.000000 0.000000
