setid: 7
volid: 3
frameid: 180
name: 07003000180
num: 2
label: person
pos: 556.534214 149.308098 60.939615 169.208338
occl: 0
lock: 0
posv: 0.000000 0.000000 0.000000 0.000000
label: person
pos: 338.270081 168.609653 38.630542 64.915037
occl: 1
lock: 0
posv: 338.270081 170.039310 37.255085 39.129050
