setid: 7
volid: 7
frameid: 1170
name: 07007001170
num: 1
label: person
pos: 135.713299 126.876812 107.028247 200.193237
occl: 0
lock: 0
posv: 0.000000 0.000000 0.000000 0.000000
