setid: 7
volid: 9
frameid: 1620
name: 07009001620
num: 2
label: person
pos: 309.400333 173.739812 13.564651 21.798862
occl: 0
lock: 0
posv: 0.000000 0.000000 0.000000 0.000000
label: person
pos: 139.455797 173.772464 17.004831 34.009662
occl: 0
lock: 0
posv: 0.000000 0.000000 0.000000 0.000000
