setid: 7
volid: 5
frameid: 2070
name: 07005002070
num: 3
label: person
pos: 35.066328 194.746332 14.416312 31.635162
occl: 1
lock: 0
posv: 47.208070 194.746332 1.000000 31.635162
label: person
pos: 47.189604 197.494014 13.334138 31.909813
occl: 0
lock: 0
posv: 0.000000 0.000000 0.000000 0.000000
label: person
pos: 149.678744 190.258454 14.685990 27.053140
occl: 0
lock: 0
posv: 0.000000 0.000000 0.000000 0.000000
