setid: 7
volid: 8
frameid: 300
name: 07008000300
num: 1
label: person
pos: 455.528842 163.320972 15.380062 34.374505
occl: 1
lock: 1
posv: 463.707599 165.925174 0.217822 13.735235
