setid: 7
volid: 3
frameid: 1080
name: 07003001080
num: 5
label: person
pos: 361.906774 169.252763 11.636364 29.478788
occl: 0
lock: 0
posv: 0.000000 0.000000 0.000000 0.000000
label: person
pos: 351.679522 166.883800 12.601155 27.927273
occl: 0
lock: 0
posv: 0.000000 0.000000 0.000000 0.000000
label: person
pos: 32.533155 175.425490 12.651339 35.963911
occl: 1
lock: 0
posv: 32.672209 175.425490 12.512285 35.963911
label: person
pos: 44.226292 175.342068 11.958122 35.482664
occl: 1
lock: 0
posv: 44.226292 175.342068 11.958122 35.482664
label: person
pos: 304.833995 175.602337 13.534293 25.043269
occl: 0
lock: 0
posv: 0.000000 0.000000 0.000000 0.000000
