setid: 7
volid: 8
frameid: 1800
name: 07008001800
num: 1
label: person
pos: 91.601876 190.303126 18.011679 36.719011
occl: 0
lock: 0
posv: 0.000000 0.000000 0.000000 0.000000
