setid: 7
volid: 3
frameid: 330
name: 07003000330
num: 2
label: person?
pos: 20.394423 193.106848 15.083223 35.785268
occl: 1
lock: 0
posv: 20.581956 193.106848 14.387438 20.582921
label: person
pos: 289.986752 182.850250 31.673631 53.514048
occl: 1
lock: 0
posv: 290.979068 182.850250 30.681314 30.756536
