setid: 7
volid: 5
frameid: 1830
name: 07005001830
num: 5
label: person
pos: 617.748870 167.154793 18.620251 74.317225
occl: 1
lock: 0
posv: 617.748870 167.154793 18.620251 74.317225
label: person
pos: 596.057965 168.689730 27.222219 71.271128
occl: 0
lock: 0
posv: 0.000000 0.000000 0.000000 0.000000
label: person
pos: 130.213597 191.070527 1.000000 23.354389
occl: 0
lock: 0
posv: 0.000000 0.000000 0.000000 0.000000
label: person
pos: 86.243111 187.630786 14.309965 33.403392
occl: 0
lock: 0
posv: 0.000000 0.000000 0.000000 0.000000
label: person
pos: 129.921743 193.322846 14.668275 31.909813
occl: 0
lock: 0
posv: 0.000000 0.000000 0.000000 0.000000
