setid: 7
volid: 3
frameid: 90
name: 07003000090
num: 3
label: person-fa
pos: 8.445207 177.277965 18.528347 45.548854
occl: 0
lock: 0
posv: 0.000000 0.000000 0.000000 0.000000
label: person
pos: 72.706161 171.196649 16.984318 38.078795
occl: 1
lock: 0
posv: 74.339781 174.812757 11.295931 13.503021
label: person
pos: 146.171038 178.237603 25.074426 36.426435
occl: 0
lock: 0
posv: 0.000000 0.000000 0.000000 0.000000
