setid: 7
volid: 1
frameid: 1440
name: 07001001440
num: 1
label: person
pos: 488.637898 184.069231 10.789999 33.968637
occl: 0
lock: 0
posv: 0.000000 0.000000 0.000000 0.000000
