setid: 7
volid: 5
frameid: 1290
name: 07005001290
num: 2
label: person?
pos: 579.786036 165.733492 22.036039 66.393245
occl: 0
lock: 0
posv: 0.000000 0.000000 0.000000 0.000000
label: person
pos: 386.489618 180.239508 20.185729 43.239491
occl: 0
lock: 0
posv: 0.000000 0.000000 0.000000 0.000000
