setid: 7
volid: 1
frameid: 1500
name: 07001001500
num: 1
label: person
pos: 389.278625 184.391518 18.528347 32.408122
occl: 1
lock: 0
posv: 393.208817 184.851876 14.077992 31.947764
