setid: 7
volid: 3
frameid: 1440
name: 07003001440
num: 5
label: people
pos: 105.380614 186.844994 55.972646 32.424608
occl: 0
lock: 0
posv: 0.000000 0.000000 0.000000 0.000000
label: people
pos: 565.357802 175.533761 42.837560 66.303573
occl: 0
lock: 0
posv: 0.000000 0.000000 0.000000 0.000000
label: person
pos: 77.679791 191.163890 10.036188 32.424608
occl: 0
lock: 0
posv: 0.000000 0.000000 0.000000 0.000000
label: person
pos: 432.743970 152.898331 36.749435 101.456273
occl: 1
lock: 0
posv: 433.088031 156.906417 33.499341 65.407257
label: person
pos: 349.242115 186.478980 17.663794 36.227951
occl: 0
lock: 0
posv: 0.000000 0.000000 0.000000 0.000000
