setid: 7
volid: 4
frameid: 690
name: 07004000690
num: 1
label: person
pos: 25.927837 191.413444 20.947795 47.343161
occl: 0
lock: 0
posv: 0.000000 0.000000 0.000000 0.000000
