setid: 7
volid: 5
frameid: 450
name: 07005000450
num: 1
label: person
pos: 385.818414 178.369852 23.599195 52.954057
occl: 0
lock: 0
posv: 0.000000 0.000000 0.000000 0.000000
