setid: 7
volid: 2
frameid: 540
name: 07002000540
num: 3
label: people
pos: 175.907983 184.017186 36.284680 25.476478
occl: 0
lock: 0
posv: 0.000000 0.000000 0.000000 0.000000
label: person
pos: 535.647027 162.284560 20.862390 76.620235
occl: 1
lock: 0
posv: 535.647027 162.284560 20.862390 76.620235
label: person
pos: 554.447468 160.218607 24.447953 79.721528
occl: 0
lock: 0
posv: 0.000000 0.000000 0.000000 0.000000
