setid: 7
volid: 2
frameid: 450
name: 07002000450
num: 4
label: person
pos: 4.447338 177.820928 12.481374 37.056553
occl: 0
lock: 1
posv: 0.000000 0.000000 0.000000 0.000000
label: person
pos: 619.349305 162.808811 19.470566 60.631416
occl: 1
lock: 1
posv: 622.891098 162.808811 15.864897 24.976910
label: person?
pos: 594.682772 166.496984 21.616405 59.932167
occl: 1
lock: 0
posv: 594.682772 166.496984 20.376425 53.469111
label: person
pos: 443.652246 168.923584 16.563220 43.315130
occl: 0
lock: 0
posv: 0.000000 0.000000 0.000000 0.000000
