setid: 7
volid: 9
frameid: 660
name: 07009000660
num: 2
label: person
pos: 465.349162 183.886878 18.474510 38.380705
occl: 0
lock: 0
posv: 0.000000 0.000000 0.000000 0.000000
label: person
pos: 94.352663 180.905797 17.275362 40.193237
occl: 0
lock: 0
posv: 0.000000 0.000000 0.000000 0.000000
