setid: 7
volid: 3
frameid: 1830
name: 07003001830
num: 1
label: person
pos: 563.938290 173.450692 32.351599 74.652659
occl: 0
lock: 0
posv: 0.000000 0.000000 0.000000 0.000000
