setid: 7
volid: 3
frameid: 1230
name: 07003001230
num: 3
label: person
pos: 400.970125 179.781783 20.327279 47.587361
occl: 1
lock: 0
posv: 400.970125 180.242959 20.327279 39.464528
label: person
pos: 369.012703 181.825134 13.718978 36.325503
occl: 1
lock: 0
posv: 371.146346 181.825134 11.446881 27.912567
label: person
pos: 352.030062 192.995267 14.248741 24.711616
occl: 0
lock: 0
posv: 0.000000 0.000000 0.000000 0.000000
