setid: 7
volid: 2
frameid: 1830
name: 07002001830
num: 1
label: people
pos: 68.961387 204.275286 57.865844 35.886476
occl: 0
lock: 0
posv: 0.000000 0.000000 0.000000 0.000000
