setid: 7
volid: 6
frameid: 1710
name: 07006001710
num: 4
label: person
pos: 526.832552 185.234868 20.869565 43.285024
occl: 0
lock: 0
posv: 0.000000 0.000000 0.000000 0.000000
label: person?
pos: 576.840811 183.632935 15.683547 50.777920
occl: 0
lock: 0
posv: 0.000000 0.000000 0.000000 0.000000
label: person
pos: 466.720943 178.894089 17.316240 40.244373
occl: 0
lock: 0
posv: 0.000000 0.000000 0.000000 0.000000
label: person
pos: 59.191433 184.203428 16.763993 39.631570
occl: 1
lock: 0
posv: 64.046515 186.233234 9.405335 20.470844
