setid: 7
volid: 9
frameid: 1800
name: 07009001800
num: 1
label: person
pos: 328.301162 183.860823 16.366851 34.926737
occl: 0
lock: 1
posv: 0.000000 0.000000 0.000000 0.000000
