setid: 7
volid: 9
frameid: 1710
name: 07009001710
num: 2
label: person
pos: 333.306221 177.387226 12.816960 25.213027
occl: 0
lock: 1
posv: 0.000000 0.000000 0.000000 0.000000
label: person
pos: 56.184973 179.449739 17.672642 38.953007
occl: 1
lock: 0
posv: 72.339061 179.449739 1.000000 38.953007
