setid: 7
volid: 8
frameid: 1200
name: 07008001200
num: 4
label: people
pos: 474.316425 176.345411 38.647343 45.603865
occl: 0
lock: 1
posv: 0.000000 0.000000 0.000000 0.000000
label: person
pos: 58.573089 183.190168 14.952401 35.843848
occl: 0
lock: 0
posv: 0.000000 0.000000 0.000000 0.000000
label: person
pos: 201.930451 187.552141 9.436070 22.860621
occl: 0
lock: 0
posv: 0.000000 0.000000 0.000000 0.000000
label: person
pos: 125.501989 183.592498 25.565217 46.386829
occl: 0
lock: 0
posv: 0.000000 0.000000 0.000000 0.000000
