setid: 7
volid: 1
frameid: 360
name: 07001000360
num: 1
label: person
pos: 329.712328 145.735223 103.835947 237.471653
occl: 0
lock: 0
posv: 0.000000 0.000000 0.000000 0.000000
