setid: 7
volid: 1
frameid: 930
name: 07001000930
num: 2
label: person
pos: 506.840572 186.702310 18.605096 44.233878
occl: 1
lock: 0
posv: 512.227591 186.830908 12.396851 37.237494
label: person
pos: 458.065922 190.662163 10.094183 36.635506
occl: 1
lock: 0
posv: 458.065922 190.662163 10.094183 36.635506
