setid: 7
volid: 6
frameid: 60
name: 07006000060
num: 2
label: person
pos: 420.393635 166.106564 12.367150 27.766354
occl: 0
lock: 0
posv: 0.000000 0.000000 0.000000 0.000000
label: person
pos: 488.615942 156.171498 22.415459 52.792271
occl: 0
lock: 0
posv: 0.000000 0.000000 0.000000 0.000000
