setid: 7
volid: 5
frameid: 330
name: 07005000330
num: 1
label: person
pos: 384.916335 184.259173 19.441039 42.799793
occl: 0
lock: 0
posv: 0.000000 0.000000 0.000000 0.000000
