setid: 7
volid: 3
frameid: 480
name: 07003000480
num: 1
label: person
pos: 302.527251 177.731072 21.323756 44.700326
occl: 0
lock: 0
posv: 0.000000 0.000000 0.000000 0.000000
