setid: 7
volid: 9
frameid: 990
name: 07009000990
num: 2
label: person
pos: 80.461353 176.538647 16.830065 38.975561
occl: 0
lock: 0
posv: 0.000000 0.000000 0.000000 0.000000
label: person?
pos: 458.697123 171.176928 13.402231 31.326303
occl: 1
lock: 0
posv: 464.789148 171.176928 1.000000 16.004800
