setid: 7
volid: 3
frameid: 1530
name: 07003001530
num: 3
label: people
pos: 9.362449 177.547683 60.358238 49.519265
occl: 0
lock: 0
posv: 0.000000 0.000000 0.000000 0.000000
label: person
pos: 479.420637 173.858164 17.698723 56.180127
occl: 0
lock: 0
posv: 0.000000 0.000000 0.000000 0.000000
label: person
pos: 334.667147 183.292920 16.342625 41.522780
occl: 0
lock: 0
posv: 0.000000 0.000000 0.000000 0.000000
