setid: 7
volid: 9
frameid: 1590
name: 07009001590
num: 1
label: person
pos: 309.522730 183.142263 15.699213 25.519682
occl: 0
lock: 0
posv: 0.000000 0.000000 0.000000 0.000000
