setid: 7
volid: 1
frameid: 990
name: 07001000990
num: 3
label: person
pos: 505.920061 177.420479 21.723320 56.570845
occl: 0
lock: 0
posv: 0.000000 0.000000 0.000000 0.000000
label: person
pos: 476.074855 181.060032 17.266730 44.706527
occl: 1
lock: 0
posv: 476.074855 181.574829 11.617425 16.723562
label: person
pos: 450.955979 180.133181 15.633293 42.531601
occl: 1
lock: 0
posv: 452.124540 180.133181 13.639686 16.876123
