setid: 7
volid: 6
frameid: 120
name: 07006000120
num: 5
label: person
pos: 442.636800 161.682268 10.719409 28.666382
occl: 0
lock: 0
posv: 0.000000 0.000000 0.000000 0.000000
label: person
pos: 601.278994 143.907610 29.883943 78.583529
occl: 0
lock: 0
posv: 0.000000 0.000000 0.000000 0.000000
label: person
pos: 106.430077 167.048423 14.325595 30.869572
occl: 1
lock: 0
posv: 112.403401 168.666525 4.788797 17.506869
label: person
pos: 492.505107 150.031622 22.919916 51.618620
occl: 1
lock: 0
posv: 492.505107 150.031622 18.073597 31.507917
label: person
pos: 450.509093 173.057118 9.275362 17.867718
occl: 0
lock: 0
posv: 0.000000 0.000000 0.000000 0.000000
