setid: 7
volid: 2
frameid: 360
name: 07002000360
num: 5
label: person
pos: 533.587077 178.330836 17.766392 45.637873
occl: 0
lock: 0
posv: 0.000000 0.000000 0.000000 0.000000
label: person
pos: 516.335303 177.177887 15.190755 44.254113
occl: 0
lock: 0
posv: 0.000000 0.000000 0.000000 0.000000
label: people
pos: 502.478299 180.668878 14.668275 36.586012
occl: 1
lock: 0
posv: 503.545368 180.668878 13.601206 23.987254
label: person
pos: 5.028634 180.964959 16.656352 39.896125
occl: 0
lock: 0
posv: 0.000000 0.000000 0.000000 0.000000
label: person
pos: 547.934449 171.357372 17.888672 52.845917
occl: 1
lock: 0
posv: 548.668064 173.135021 13.664874 26.342665
