setid: 7
volid: 9
frameid: 840
name: 07009000840
num: 2
label: person-fa
pos: 343.015715 175.648338 13.135891 25.492640
occl: 1
lock: 0
posv: 354.919974 175.648338 1.000000 25.492640
label: person?
pos: 406.394494 169.526958 6.850065 23.202298
occl: 1
lock: 0
posv: 406.394494 169.526958 6.850065 23.202298
