setid: 7
volid: 6
frameid: 390
name: 07006000390
num: 2
label: person
pos: 5.970312 178.273532 12.612182 40.110432
occl: 0
lock: 0
posv: 0.000000 0.000000 0.000000 0.000000
label: person
pos: 20.121057 180.192953 15.386189 37.959419
occl: 0
lock: 1
posv: 0.000000 0.000000 0.000000 0.000000
