setid: 7
volid: 8
frameid: 450
name: 07008000450
num: 2
label: person
pos: 19.877057 188.716599 15.647176 37.950556
occl: 1
lock: 0
posv: 28.776733 189.841231 4.766074 15.673038
label: person
pos: 379.533892 185.578666 12.880810 28.348136
occl: 0
lock: 0
posv: 0.000000 0.000000 0.000000 0.000000
