setid: 7
volid: 0
frameid: 1110
name: 07000001110
num: 2
label: person
pos: 459.194080 197.282315 12.003084 27.838568
occl: 0
lock: 0
posv: 0.000000 0.000000 0.000000 0.000000
label: person
pos: 470.470541 185.767847 24.621645 52.100243
occl: 0
lock: 0
posv: 0.000000 0.000000 0.000000 0.000000
