setid: 7
volid: 6
frameid: 1560
name: 07006001560
num: 1
label: person
pos: 34.810840 201.738437 14.048968 37.241647
occl: 0
lock: 0
posv: 0.000000 0.000000 0.000000 0.000000
