setid: 7
volid: 6
frameid: 930
name: 07006000930
num: 2
label: person
pos: 231.441461 182.749361 13.140097 23.188406
occl: 0
lock: 1
posv: 0.000000 0.000000 0.000000 0.000000
label: person
pos: 8.178768 182.407495 17.004831 44.778472
occl: 0
lock: 0
posv: 0.000000 0.000000 0.000000 0.000000
