setid: 7
volid: 4
frameid: 30
name: 07004000030
num: 2
label: person
pos: 365.762295 197.035954 12.174418 34.077160
occl: 0
lock: 0
posv: 0.000000 0.000000 0.000000 0.000000
label: person
pos: 438.646294 185.977078 22.388420 67.937274
occl: 0
lock: 0
posv: 0.000000 0.000000 0.000000 0.000000
