setid: 7
volid: 5
frameid: 840
name: 07005000840
num: 1
label: person
pos: 389.637971 183.249495 16.937672 37.433755
occl: 0
lock: 0
posv: 0.000000 0.000000 0.000000 0.000000
