setid: 7
volid: 6
frameid: 360
name: 07006000360
num: 3
label: person
pos: 527.248650 169.461864 23.892935 75.430703
occl: 0
lock: 0
posv: 0.000000 0.000000 0.000000 0.000000
label: person
pos: 0.577181 187.144729 10.570503 36.466382
occl: 1
lock: 0
posv: 4.290032 187.144729 1.000000 36.466382
label: person
pos: 7.562908 186.899279 13.876670 35.645074
occl: 0
lock: 0
posv: 0.000000 0.000000 0.000000 0.000000
