setid: 7
volid: 3
frameid: 720
name: 07003000720
num: 3
label: person
pos: 593.944879 170.637863 24.752229 70.770443
occl: 0
lock: 0
posv: 0.000000 0.000000 0.000000 0.000000
label: person
pos: 571.725334 175.433632 21.361436 63.841735
occl: 0
lock: 0
posv: 0.000000 0.000000 0.000000 0.000000
label: person
pos: 330.462006 190.284555 19.665274 31.242085
occl: 0
lock: 0
posv: 0.000000 0.000000 0.000000 0.000000
