setid: 7
volid: 5
frameid: 750
name: 07005000750
num: 1
label: person
pos: 387.061466 180.712296 21.619128 43.961222
occl: 1
lock: 0
posv: 393.821816 181.868520 1.000000 42.634175
