setid: 7
volid: 0
frameid: 600
name: 07000000600
num: 3
label: people
pos: 65.520804 195.568655 36.726768 31.067961
occl: 0
lock: 0
posv: 0.000000 0.000000 0.000000 0.000000
label: person
pos: 491.628600 174.862479 22.183887 61.796284
occl: 1
lock: 0
posv: 492.812841 181.866369 18.361236 1.000000
label: person
pos: 27.634019 196.313630 18.535551 34.426256
occl: 0
lock: 0
posv: 0.000000 0.000000 0.000000 0.000000
