setid: 7
volid: 5
frameid: 480
name: 07005000480
num: 1
label: person
pos: 392.980205 178.263140 22.072836 57.540046
occl: 0
lock: 0
posv: 0.000000 0.000000 0.000000 0.000000
