setid: 7
volid: 8
frameid: 1260
name: 07008001260
num: 3
label: people
pos: 520.600597 175.015203 50.647485 62.827508
occl: 0
lock: 1
posv: 0.000000 0.000000 0.000000 0.000000
label: person
pos: 185.307758 187.679921 11.594203 27.879157
occl: 0
lock: 0
posv: 0.000000 0.000000 0.000000 0.000000
label: person
pos: 19.128446 185.472791 26.882069 60.772236
occl: 0
lock: 0
posv: 0.000000 0.000000 0.000000 0.000000
