setid: 7
volid: 6
frameid: 1530
name: 07006001530
num: 2
label: person
pos: 117.254902 193.228218 16.026144 30.997442
occl: 0
lock: 0
posv: 0.000000 0.000000 0.000000 0.000000
label: person
pos: 46.904587 198.316346 16.464933 37.812447
occl: 0
lock: 0
posv: 0.000000 0.000000 0.000000 0.000000
