setid: 7
volid: 4
frameid: 1110
name: 07004001110
num: 2
label: person
pos: 66.805557 184.608523 14.871300 37.746520
occl: 1
lock: 0
posv: 72.390509 184.608523 1.000000 29.044363
label: person
pos: 165.494671 184.853371 9.302435 29.829403
occl: 0
lock: 0
posv: 0.000000 0.000000 0.000000 0.000000
