setid: 7
volid: 0
frameid: 1170
name: 07000001170
num: 5
label: person
pos: 510.988197 191.219246 15.958405 36.891586
occl: 0
lock: 0
posv: 0.000000 0.000000 0.000000 0.000000
label: person
pos: 542.431363 173.930592 30.225128 76.259978
occl: 0
lock: 0
posv: 0.000000 0.000000 0.000000 0.000000
label: person
pos: 524.072492 179.904678 17.108758 55.790997
occl: 0
lock: 0
posv: 0.000000 0.000000 0.000000 0.000000
label: person
pos: 584.668022 173.637561 17.800327 59.297152
occl: 1
lock: 1
posv: 584.668022 173.637561 14.673622 42.514379
label: person
pos: 599.809792 168.979978 17.973907 61.697728
occl: 1
lock: 0
posv: 600.797479 169.214610 16.740654 22.049430
