setid: 7
volid: 9
frameid: 1140
name: 07009001140
num: 3
label: person
pos: 200.945865 192.180023 14.685990 30.917874
occl: 0
lock: 0
posv: 0.000000 0.000000 0.000000 0.000000
label: person
pos: 224.314445 194.467861 15.458937 30.144928
occl: 0
lock: 0
posv: 0.000000 0.000000 0.000000 0.000000
label: person?
pos: 459.369097 192.085656 12.362449 31.444984
occl: 1
lock: 1
posv: 466.622165 192.085656 0.217822 13.878680
