setid: 7
volid: 0
frameid: 660
name: 07000000660
num: 2
label: person
pos: 599.543983 166.736594 30.838568 88.923074
occl: 0
lock: 0
posv: 0.000000 0.000000 0.000000 0.000000
label: person
pos: 24.699206 194.430779 17.985239 37.093743
occl: 1
lock: 0
posv: 26.904999 194.430779 15.779447 22.713727
