setid: 7
volid: 8
frameid: 630
name: 07008000630
num: 5
label: person
pos: 514.868876 170.719594 20.489564 55.563928
occl: 1
lock: 0
posv: 524.870082 170.877083 1.000000 20.370575
label: person
pos: 31.062028 177.188421 13.873563 37.520397
occl: 0
lock: 0
posv: 0.000000 0.000000 0.000000 0.000000
label: person
pos: 511.394135 171.300077 36.779142 93.695060
occl: 0
lock: 0
posv: 0.000000 0.000000 0.000000 0.000000
label: people
pos: 452.132850 169.388889 34.009662 37.101449
occl: 0
lock: 0
posv: 0.000000 0.000000 0.000000 0.000000
label: person
pos: 48.556408 181.264095 11.594203 29.371981
occl: 0
lock: 0
posv: 0.000000 0.000000 0.000000 0.000000
