setid: 7
volid: 8
frameid: 1410
name: 07008001410
num: 1
label: person
pos: 15.108696 149.446860 92.753623 147.632850
occl: 0
lock: 0
posv: 0.000000 0.000000 0.000000 0.000000
