setid: 7
volid: 5
frameid: 1890
name: 07005001890
num: 3
label: person
pos: 91.809863 191.431799 11.976411 28.455408
occl: 0
lock: 1
posv: 0.000000 0.000000 0.000000 0.000000
label: person
pos: 74.699826 190.493070 11.977792 31.635162
occl: 1
lock: 1
posv: 78.759903 190.493070 0.666443 31.635162
label: person
pos: 101.775483 194.447846 14.668275 31.909813
occl: 0
lock: 0
posv: 0.000000 0.000000 0.000000 0.000000
