setid: 7
volid: 0
frameid: 960
name: 07000000960
num: 1
label: person
pos: 124.254045 164.321245 49.708738 116.696554
occl: 0
lock: 0
posv: 0.000000 0.000000 0.000000 0.000000
