setid: 7
volid: 5
frameid: 1080
name: 07005001080
num: 2
label: person
pos: 491.887214 185.391696 13.862390 39.282008
occl: 0
lock: 1
posv: 0.000000 0.000000 0.000000 0.000000
label: person
pos: 370.364005 187.323618 18.325844 30.424080
occl: 0
lock: 0
posv: 0.000000 0.000000 0.000000 0.000000
