setid: 7
volid: 0
frameid: 300
name: 07000000300
num: 4
label: person
pos: 410.769850 184.338925 10.706691 29.525521
occl: 0
lock: 1
posv: 0.000000 0.000000 0.000000 0.000000
label: person
pos: 483.980868 172.498477 20.861270 66.756654
occl: 1
lock: 0
posv: 494.119624 172.498477 1.163804 66.756654
label: person
pos: 468.907630 172.091674 22.793889 67.432225
occl: 1
lock: 1
posv: 470.034036 172.091674 17.333157 67.432225
label: person
pos: 472.959614 168.949553 35.251376 73.051994
occl: 0
lock: 1
posv: 0.000000 0.000000 0.000000 0.000000
