setid: 7
volid: 6
frameid: 150
name: 07006000150
num: 6
label: person
pos: 470.135976 172.827082 13.848366 36.583546
occl: 0
lock: 0
posv: 0.000000 0.000000 0.000000 0.000000
label: person
pos: 413.301819 165.435493 14.685990 36.328502
occl: 0
lock: 0
posv: 0.000000 0.000000 0.000000 0.000000
label: person
pos: 96.410751 175.676443 13.758970 30.363657
occl: 1
lock: 0
posv: 102.659530 176.149625 1.000000 20.902762
label: person
pos: 542.946980 162.447254 27.680973 56.185218
occl: 1
lock: 0
posv: 542.946980 162.447254 1.000000 41.452415
label: person
pos: 523.964355 163.926731 14.918897 51.160120
occl: 1
lock: 0
posv: 536.964331 165.450221 1.000000 49.636631
label: person
pos: 480.855135 186.755230 9.689191 19.055262
occl: 0
lock: 0
posv: 0.000000 0.000000 0.000000 0.000000
