setid: 7
volid: 8
frameid: 600
name: 07008000600
num: 3
label: person
pos: 459.051852 180.302611 18.264535 49.082688
occl: 1
lock: 0
posv: 468.378017 180.617309 1.000000 18.357602
label: person
pos: 19.674912 186.208641 15.485218 31.921535
occl: 0
lock: 0
posv: 0.000000 0.000000 0.000000 0.000000
label: person
pos: 453.304758 181.060774 27.324483 73.397222
occl: 0
lock: 1
posv: 0.000000 0.000000 0.000000 0.000000
