setid: 7
volid: 2
frameid: 1770
name: 07002001770
num: 1
label: people
pos: 104.884917 199.895977 57.865844 32.424608
occl: 0
lock: 0
posv: 0.000000 0.000000 0.000000 0.000000
