setid: 7
volid: 6
frameid: 1650
name: 07006001650
num: 2
label: person?
pos: 499.769633 188.893199 14.298096 41.739130
occl: 0
lock: 0
posv: 0.000000 0.000000 0.000000 0.000000
label: person
pos: 429.970347 188.413107 13.531500 37.000199
occl: 0
lock: 0
posv: 0.000000 0.000000 0.000000 0.000000
