setid: 7
volid: 3
frameid: 1560
name: 07003001560
num: 3
label: people
pos: 18.626623 170.599553 84.168152 49.519265
occl: 0
lock: 0
posv: 0.000000 0.000000 0.000000 0.000000
label: person
pos: 529.775874 159.461212 23.292090 73.728970
occl: 0
lock: 0
posv: 0.000000 0.000000 0.000000 0.000000
label: person
pos: 326.878010 175.658093 17.892131 39.526353
occl: 0
lock: 0
posv: 0.000000 0.000000 0.000000 0.000000
