setid: 7
volid: 4
frameid: 1500
name: 07004001500
num: 3
label: person
pos: 44.020000 192.558182 18.385455 36.848485
occl: 0
lock: 0
posv: 0.000000 0.000000 0.000000 0.000000
label: person
pos: 88.334398 192.215473 15.767831 40.856398
occl: 0
lock: 0
posv: 0.000000 0.000000 0.000000 0.000000
label: person
pos: 558.795059 178.900539 21.950794 67.113732
occl: 1
lock: 0
posv: 560.984848 178.900539 19.761005 44.532795
