setid: 7
volid: 9
frameid: 1560
name: 07009001560
num: 1
label: person
pos: 317.898080 183.142263 17.717800 30.926411
occl: 0
lock: 0
posv: 0.000000 0.000000 0.000000 0.000000
