setid: 7
volid: 5
frameid: 600
name: 07005000600
num: 1
label: person
pos: 416.913393 176.189155 23.107133 56.814884
occl: 0
lock: 0
posv: 0.000000 0.000000 0.000000 0.000000
