setid: 7
volid: 5
frameid: 630
name: 07005000630
num: 1
label: person
pos: 402.521326 178.180346 21.406031 50.468884
occl: 0
lock: 0
posv: 0.000000 0.000000 0.000000 0.000000
