setid: 7
volid: 4
frameid: 1320
name: 07004001320
num: 1
label: person
pos: 296.039157 167.474460 13.124246 25.556778
occl: 0
lock: 0
posv: 0.000000 0.000000 0.000000 0.000000
