setid: 7
volid: 6
frameid: 810
name: 07006000810
num: 2
label: person?
pos: 84.803155 161.908794 15.243354 36.495660
occl: 1
lock: 0
posv: 86.689265 164.619112 12.644373 14.493277
label: person
pos: 159.502621 163.694958 17.546036 36.481941
occl: 1
lock: 0
posv: 170.139263 166.116855 1.000000 23.872452
