setid: 7
volid: 6
frameid: 30
name: 07006000030
num: 3
label: person
pos: 41.874638 182.877436 20.727928 49.170222
occl: 0
lock: 0
posv: 0.000000 0.000000 0.000000 0.000000
label: person
pos: 1.575874 182.528986 16.701904 57.046604
occl: 0
lock: 0
posv: 0.000000 0.000000 0.000000 0.000000
label: person
pos: 459.630310 172.792977 18.628019 46.149673
occl: 0
lock: 0
posv: 0.000000 0.000000 0.000000 0.000000
