setid: 7
volid: 8
frameid: 360
name: 07008000360
num: 2
label: person
pos: 501.798869 153.481868 16.700548 37.079522
occl: 1
lock: 0
posv: 512.820174 156.177498 1.000000 17.958548
label: person
pos: 371.962220 153.719440 14.156599 24.425914
occl: 0
lock: 0
posv: 0.000000 0.000000 0.000000 0.000000
