setid: 7
volid: 6
frameid: 1620
name: 07006001620
num: 1
label: person?
pos: 478.343109 190.127082 15.226769 41.739130
occl: 0
lock: 0
posv: 0.000000 0.000000 0.000000 0.000000
