setid: 7
volid: 9
frameid: 930
name: 07009000930
num: 3
label: person-fa
pos: 376.745297 161.677619 12.206024 32.697073
occl: 0
lock: 0
posv: 0.000000 0.000000 0.000000 0.000000
label: person
pos: 95.665644 166.838164 15.040637 35.321540
occl: 0
lock: 0
posv: 0.000000 0.000000 0.000000 0.000000
label: person?
pos: 444.958805 158.943428 15.190183 32.703583
occl: 1
lock: 0
posv: 451.246495 160.764036 1.000000 18.673162
