setid: 7
volid: 5
frameid: 60
name: 07005000060
num: 4
label: people
pos: 26.024528 193.495447 28.603834 37.873980
occl: 0
lock: 1
posv: 0.000000 0.000000 0.000000 0.000000
label: person
pos: 603.077166 174.272085 28.452707 67.885985
occl: 0
lock: 0
posv: 0.000000 0.000000 0.000000 0.000000
label: person-fa
pos: 462.415544 182.528986 21.642512 49.468599
occl: 0
lock: 0
posv: 0.000000 0.000000 0.000000 0.000000
label: person
pos: 509.426363 179.687774 17.034462 62.541987
occl: 0
lock: 0
posv: 0.000000 0.000000 0.000000 0.000000
