setid: 7
volid: 8
frameid: 720
name: 07008000720
num: 7
label: person
pos: 597.758596 156.024571 20.565359 61.212101
occl: 1
lock: 0
posv: 597.854220 156.057941 20.469736 27.983614
label: person
pos: 54.432006 166.242880 19.096285 41.887923
occl: 1
lock: 0
posv: 63.600136 166.242880 1.000000 41.887923
label: person
pos: 258.999858 130.509662 74.847400 162.372549
occl: 0
lock: 0
posv: 0.000000 0.000000 0.000000 0.000000
label: person
pos: 281.852657 169.388889 15.458937 23.188406
occl: 1
lock: 0
posv: 291.419348 169.699720 1.000000 20.092137
label: people
pos: 497.543478 158.992754 44.057971 40.193237
occl: 0
lock: 0
posv: 0.000000 0.000000 0.000000 0.000000
label: person
pos: 106.084541 166.597329 15.340153 40.356777
occl: 0
lock: 0
posv: 0.000000 0.000000 0.000000 0.000000
label: person
pos: 24.843835 174.058165 15.116467 35.660697
occl: 0
lock: 0
posv: 0.000000 0.000000 0.000000 0.000000
