setid: 7
volid: 4
frameid: 240
name: 07004000240
num: 2
label: person
pos: 457.198030 196.906916 27.686841 49.979645
occl: 0
lock: 0
posv: 0.000000 0.000000 0.000000 0.000000
label: person
pos: 197.773257 203.153839 8.526257 20.424351
occl: 0
lock: 0
posv: 0.000000 0.000000 0.000000 0.000000
