setid: 7
volid: 8
frameid: 150
name: 07008000150
num: 2
label: person
pos: 517.990693 178.131287 36.064862 85.590615
occl: 0
lock: 0
posv: 0.000000 0.000000 0.000000 0.000000
label: person
pos: 137.972293 189.699631 15.087383 27.963626
occl: 0
lock: 0
posv: 0.000000 0.000000 0.000000 0.000000
