setid: 7
volid: 3
frameid: 450
name: 07003000450
num: 2
label: person?
pos: 131.542447 193.849003 8.810269 21.850815
occl: 0
lock: 0
posv: 0.000000 0.000000 0.000000 0.000000
label: person
pos: 309.077947 181.491929 24.664095 46.005433
occl: 0
lock: 0
posv: 0.000000 0.000000 0.000000 0.000000
