setid: 7
volid: 1
frameid: 1680
name: 07001001680
num: 3
label: person
pos: 541.194053 178.806310 13.437257 34.175584
occl: 1
lock: 0
posv: 545.782834 178.806310 1.000000 34.175584
label: person
pos: 532.139191 179.723932 15.020177 37.140273
occl: 0
lock: 0
posv: 0.000000 0.000000 0.000000 0.000000
label: person
pos: 590.275078 173.131444 24.485288 55.695131
occl: 1
lock: 0
posv: 600.772492 173.131444 1.000000 45.649216
