setid: 7
volid: 2
frameid: 1560
name: 07002001560
num: 2
label: person
pos: 570.070104 174.961709 18.721495 62.000327
occl: 1
lock: 0
posv: 584.199709 174.961709 1.067154 28.790238
label: person
pos: 450.601400 187.821996 9.309741 30.617778
occl: 0
lock: 0
posv: 0.000000 0.000000 0.000000 0.000000
