setid: 7
volid: 9
frameid: 60
name: 07009000060
num: 1
label: person
pos: 426.824297 196.277323 11.594203 26.280193
occl: 0
lock: 0
posv: 0.000000 0.000000 0.000000 0.000000
