setid: 7
volid: 4
frameid: 1380
name: 07004001380
num: 2
label: person
pos: 215.307273 179.215152 14.739394 23.272727
occl: 0
lock: 0
posv: 0.000000 0.000000 0.000000 0.000000
label: person
pos: 241.766982 176.377286 13.124246 25.556778
occl: 0
lock: 0
posv: 0.000000 0.000000 0.000000 0.000000
