setid: 7
volid: 5
frameid: 150
name: 07005000150
num: 1
label: person
pos: 362.165106 182.871297 13.957087 29.980132
occl: 0
lock: 0
posv: 0.000000 0.000000 0.000000 0.000000
