setid: 7
volid: 3
frameid: 1380
name: 07003001380
num: 2
label: person
pos: 430.220208 174.357576 27.173814 68.305849
occl: 1
lock: 0
posv: 430.220208 174.967201 27.173814 50.125983
label: person
pos: 369.415633 188.625677 17.646255 32.940660
occl: 0
lock: 0
posv: 0.000000 0.000000 0.000000 0.000000
