setid: 7
volid: 4
frameid: 540
name: 07004000540
num: 2
label: person
pos: 42.039827 155.881486 32.838403 70.970695
occl: 0
lock: 0
posv: 0.000000 0.000000 0.000000 0.000000
label: person
pos: 123.594250 155.334053 24.651970 53.424429
occl: 1
lock: 0
posv: 124.626619 155.527427 23.619601 31.575392
