setid: 7
volid: 9
frameid: 1170
name: 07009001170
num: 1
label: person?
pos: 459.783557 197.448473 13.968594 31.523150
occl: 1
lock: 0
posv: 460.133917 198.826073 10.365939 9.146689
