setid: 7
volid: 5
frameid: 30
name: 07005000030
num: 5
label: people
pos: 64.191194 195.337153 23.160434 35.512666
occl: 0
lock: 1
posv: 0.000000 0.000000 0.000000 0.000000
label: person
pos: 614.071454 173.489144 24.035301 85.693607
occl: 0
lock: 0
posv: 0.000000 0.000000 0.000000 0.000000
label: person
pos: 548.770024 179.248556 22.388420 57.129071
occl: 0
lock: 0
posv: 0.000000 0.000000 0.000000 0.000000
label: person
pos: 20.659470 188.941474 19.542867 39.709369
occl: 1
lock: 0
posv: 28.505988 189.212917 1.000000 21.438366
label: person
pos: 473.718754 183.802480 20.072376 52.413791
occl: 0
lock: 0
posv: 0.000000 0.000000 0.000000 0.000000
