setid: 7
volid: 2
frameid: 990
name: 07002000990
num: 3
label: person
pos: 346.673262 160.850532 55.532962 131.622644
occl: 1
lock: 0
posv: 383.207606 161.575820 1.000000 48.661212
label: person
pos: 438.532475 179.896864 13.896261 31.498716
occl: 1
lock: 0
posv: 442.776229 180.073276 7.913546 18.315882
label: person
pos: 408.374548 169.860676 57.648215 128.154403
occl: 1
lock: 0
posv: 422.790006 171.164794 43.232756 89.564048
