setid: 7
volid: 1
frameid: 1770
name: 07001001770
num: 5
label: person
pos: 360.136586 174.580106 19.922515 40.144753
occl: 0
lock: 0
posv: 0.000000 0.000000 0.000000 0.000000
label: people
pos: 543.440380 156.234575 77.257873 73.769639
occl: 0
lock: 0
posv: 0.000000 0.000000 0.000000 0.000000
label: person
pos: 417.929239 172.575204 17.996663 41.865252
occl: 0
lock: 0
posv: 0.000000 0.000000 0.000000 0.000000
label: person
pos: 473.743515 173.521882 21.454073 52.266062
occl: 1
lock: 0
posv: 479.229991 175.248101 13.128970 28.034297
label: person
pos: 493.455147 164.458358 18.049372 69.995562
occl: 0
lock: 0
posv: 0.000000 0.000000 0.000000 0.000000
