setid: 7
volid: 9
frameid: 1500
name: 07009001500
num: 1
label: person
pos: 323.126652 182.642263 18.770975 32.152565
occl: 0
lock: 0
posv: 0.000000 0.000000 0.000000 0.000000
