setid: 7
volid: 2
frameid: 960
name: 07002000960
num: 3
label: person
pos: 105.725573 164.147768 59.445960 132.014475
occl: 1
lock: 1
posv: 109.113139 164.186369 56.058394 123.807548
label: person
pos: 437.831289 179.896864 15.304084 34.496513
occl: 1
lock: 0
posv: 442.383431 181.852160 9.241936 19.879777
label: person
pos: 126.133896 170.230247 60.157666 126.839732
occl: 0
lock: 1
posv: 0.000000 0.000000 0.000000 0.000000
