setid: 7
volid: 3
frameid: 570
name: 07003000570
num: 4
label: person
pos: 161.838192 158.887686 17.939544 28.062187
occl: 0
lock: 1
posv: 0.000000 0.000000 0.000000 0.000000
label: person
pos: 426.031401 155.765186 8.542516 29.809934
occl: 1
lock: 0
posv: 426.348168 155.765186 8.225749 26.060237
label: person
pos: 422.492627 156.861697 5.360931 23.123926
occl: 1
lock: 0
posv: 422.492627 156.861697 5.360931 23.123926
label: person
pos: 305.050924 155.009516 18.418226 41.835836
occl: 0
lock: 0
posv: 0.000000 0.000000 0.000000 0.000000
