setid: 7
volid: 9
frameid: 900
name: 07009000900
num: 3
label: person-fa
pos: 358.992754 167.764280 12.206024 32.697073
occl: 0
lock: 0
posv: 0.000000 0.000000 0.000000 0.000000
label: person
pos: 102.329818 170.368002 14.452374 32.520623
occl: 1
lock: 0
posv: 115.310236 170.368002 1.000000 32.520623
label: person?
pos: 422.654245 166.368713 14.550117 32.257297
occl: 1
lock: 0
posv: 430.749048 166.409040 1.000000 18.942882
