setid: 7
volid: 6
frameid: 210
name: 07006000210
num: 6
label: person
pos: 539.102586 185.483120 19.954959 50.802501
occl: 0
lock: 0
posv: 0.000000 0.000000 0.000000 0.000000
label: person
pos: 434.741546 177.394004 17.644785 46.101165
occl: 0
lock: 0
posv: 0.000000 0.000000 0.000000 0.000000
label: person
pos: 126.817768 189.130470 14.417354 26.453015
occl: 0
lock: 0
posv: 0.000000 0.000000 0.000000 0.000000
label: person
pos: 381.167945 184.819551 15.458937 37.874396
occl: 0
lock: 0
posv: 0.000000 0.000000 0.000000 0.000000
label: person
pos: 557.111395 208.326385 11.581841 24.486502
occl: 0
lock: 0
posv: 0.000000 0.000000 0.000000 0.000000
label: person
pos: 457.441812 177.378537 20.108568 48.109658
occl: 1
lock: 0
posv: 457.453761 177.378537 20.096618 25.989051
