setid: 7
volid: 8
frameid: 1170
name: 07008001170
num: 3
label: people
pos: 456.538647 177.891304 32.463768 36.328502
occl: 0
lock: 1
posv: 0.000000 0.000000 0.000000 0.000000
label: person
pos: 90.076030 182.207815 14.408710 35.061708
occl: 0
lock: 0
posv: 0.000000 0.000000 0.000000 0.000000
label: person
pos: 181.082552 181.445439 24.248366 45.914464
occl: 0
lock: 1
posv: 0.000000 0.000000 0.000000 0.000000
