setid: 7
volid: 6
frameid: 990
name: 07006000990
num: 2
label: person
pos: 170.378659 190.865303 13.140097 26.059818
occl: 0
lock: 0
posv: 0.000000 0.000000 0.000000 0.000000
label: person
pos: 438.756039 183.710145 13.913043 29.226599
occl: 0
lock: 1
posv: 0.000000 0.000000 0.000000 0.000000
