setid: 7
volid: 5
frameid: 990
name: 07005000990
num: 1
label: person
pos: 376.098276 191.187032 17.078319 31.181506
occl: 0
lock: 0
posv: 0.000000 0.000000 0.000000 0.000000
