setid: 7
volid: 3
frameid: 420
name: 07003000420
num: 1
label: person
pos: 313.095661 185.252786 28.004434 47.310539
occl: 0
lock: 0
posv: 0.000000 0.000000 0.000000 0.000000
