setid: 7
volid: 1
frameid: 1050
name: 07001001050
num: 3
label: person
pos: 566.927021 185.146562 29.954162 54.967431
occl: 0
lock: 0
posv: 0.000000 0.000000 0.000000 0.000000
label: person
pos: 542.273598 175.323965 19.384117 60.213192
occl: 1
lock: 0
posv: 543.746824 183.805412 15.482710 24.588635
label: person
pos: 448.640129 185.517744 14.277931 39.244200
occl: 0
lock: 1
posv: 0.000000 0.000000 0.000000 0.000000
