setid: 7
volid: 8
frameid: 240
name: 07008000240
num: 1
label: person
pos: 432.662535 183.436870 13.026199 29.147136
occl: 1
lock: 0
posv: 438.439524 183.985019 1.000000 18.120070
