setid: 7
volid: 5
frameid: 1050
name: 07005001050
num: 3
label: person
pos: 477.584888 192.462464 9.655349 27.020507
occl: 0
lock: 0
posv: 0.000000 0.000000 0.000000 0.000000
label: person
pos: 466.152002 190.795797 12.610965 30.789848
occl: 0
lock: 1
posv: 0.000000 0.000000 0.000000 0.000000
label: person
pos: 373.270244 187.807187 19.742675 31.582496
occl: 0
lock: 0
posv: 0.000000 0.000000 0.000000 0.000000
