setid: 7
volid: 2
frameid: 1440
name: 07002001440
num: 4
label: person
pos: 537.303131 173.413820 21.905841 59.198737
occl: 0
lock: 0
posv: 0.000000 0.000000 0.000000 0.000000
label: person
pos: 499.176341 177.766917 17.667069 48.054460
occl: 0
lock: 0
posv: 0.000000 0.000000 0.000000 0.000000
label: person
pos: 437.818679 181.655011 13.896261 34.082469
occl: 1
lock: 0
posv: 444.852012 181.740939 1.000000 21.889824
label: person
pos: 561.720753 172.024678 24.743596 67.726338
occl: 0
lock: 0
posv: 0.000000 0.000000 0.000000 0.000000
