setid: 7
volid: 6
frameid: 1350
name: 07006001350
num: 1
label: person
pos: 60.439379 190.184369 13.296817 38.874480
occl: 1
lock: 0
posv: 69.251885 190.205283 1.000000 36.784732
