setid: 7
volid: 4
frameid: 870
name: 07004000870
num: 1
label: person
pos: 242.800558 170.906710 13.896261 27.020507
occl: 0
lock: 0
posv: 0.000000 0.000000 0.000000 0.000000
