setid: 7
volid: 4
frameid: 120
name: 07004000120
num: 2
label: person
pos: 262.676116 178.893245 83.145959 196.014475
occl: 0
lock: 0
posv: 0.000000 0.000000 0.000000 0.000000
label: person
pos: 335.415320 195.664590 37.208197 88.902879
occl: 1
lock: 1
posv: 337.774189 195.664590 34.849328 83.114806
