setid: 7
volid: 6
frameid: 1740
name: 07006001740
num: 3
label: person
pos: 565.932552 174.884868 23.076982 46.602913
occl: 0
lock: 0
posv: 0.000000 0.000000 0.000000 0.000000
label: person
pos: 493.006863 168.970304 18.077693 49.306444
occl: 0
lock: 0
posv: 0.000000 0.000000 0.000000 0.000000
label: person
pos: 587.310124 168.973444 26.384250 45.128943
occl: 0
lock: 0
posv: 0.000000 0.000000 0.000000 0.000000
