setid: 7
volid: 3
frameid: 510
name: 07003000510
num: 1
label: person
pos: 300.059996 175.446035 19.919135 39.856502
occl: 0
lock: 0
posv: 0.000000 0.000000 0.000000 0.000000
