setid: 7
volid: 2
frameid: 1470
name: 07002001470
num: 4
label: person
pos: 529.863893 174.008176 24.649725 60.605811
occl: 0
lock: 0
posv: 0.000000 0.000000 0.000000 0.000000
label: person
pos: 505.215556 176.408094 17.667069 48.054460
occl: 0
lock: 0
posv: 0.000000 0.000000 0.000000 0.000000
label: person
pos: 436.884614 183.175879 13.896261 31.451002
occl: 1
lock: 0
posv: 442.510961 183.175879 1.000000 24.945684
label: person
pos: 553.335785 171.550822 24.743596 63.742624
occl: 1
lock: 1
posv: 553.366311 173.174560 18.474090 35.364146
