setid: 7
volid: 5
frameid: 570
name: 07005000570
num: 1
label: person
pos: 423.186046 176.498200 23.107133 54.929722
occl: 0
lock: 0
posv: 0.000000 0.000000 0.000000 0.000000
