setid: 7
volid: 7
frameid: 1050
name: 07007001050
num: 1
label: person
pos: 492.317022 148.673913 30.231287 93.835749
occl: 0
lock: 0
posv: 0.000000 0.000000 0.000000 0.000000
