setid: 7
volid: 1
frameid: 1800
name: 07001001800
num: 4
label: people
pos: 478.090831 160.786417 82.605549 77.973462
occl: 0
lock: 0
posv: 0.000000 0.000000 0.000000 0.000000
label: person
pos: 333.332962 169.475551 20.394428 44.159888
occl: 0
lock: 0
posv: 0.000000 0.000000 0.000000 0.000000
label: person
pos: 418.680941 170.151742 23.486264 63.214171
occl: 1
lock: 1
posv: 422.661139 171.478475 17.497098 29.892991
label: person
pos: 405.524556 161.113744 27.129466 79.327794
occl: 1
lock: 1
posv: 424.024782 167.502357 0.534653 33.953319
