setid: 7
volid: 2
frameid: 750
name: 07002000750
num: 1
label: person
pos: 445.822921 182.130358 10.905383 31.789714
occl: 1
lock: 0
posv: 445.822921 182.130358 10.905383 31.789714
