setid: 7
volid: 9
frameid: 720
name: 07009000720
num: 1
label: person
pos: 518.838491 185.107275 42.356309 63.483900
occl: 0
lock: 0
posv: 0.000000 0.000000 0.000000 0.000000
