setid: 7
volid: 3
frameid: 540
name: 07003000540
num: 1
label: person
pos: 305.032283 172.963175 19.017272 38.839711
occl: 0
lock: 0
posv: 0.000000 0.000000 0.000000 0.000000
