setid: 7
volid: 6
frameid: 750
name: 07006000750
num: 2
label: person
pos: 499.788008 178.448991 18.715544 47.931834
occl: 0
lock: 1
posv: 0.000000 0.000000 0.000000 0.000000
label: person
pos: 47.146671 176.619568 23.942683 63.735699
occl: 0
lock: 0
posv: 0.000000 0.000000 0.000000 0.000000
