setid: 7
volid: 9
frameid: 540
name: 07009000540
num: 1
label: person
pos: 565.732523 184.318414 22.013853 50.843031
occl: 0
lock: 1
posv: 0.000000 0.000000 0.000000 0.000000
