setid: 7
volid: 3
frameid: 1710
name: 07003001710
num: 4
label: person
pos: 557.648180 177.456959 18.528347 50.532540
occl: 1
lock: 0
posv: 564.093872 177.456959 1.000000 25.012181
label: person
pos: 484.844520 178.044417 18.046709 48.034816
occl: 0
lock: 0
posv: 0.000000 0.000000 0.000000 0.000000
label: person
pos: 369.184144 174.434732 29.507441 56.297511
occl: 0
lock: 0
posv: 0.000000 0.000000 0.000000 0.000000
label: person
pos: 460.503240 173.137858 14.668275 40.429149
occl: 0
lock: 1
posv: 0.000000 0.000000 0.000000 0.000000
