setid: 7
volid: 1
frameid: 690
name: 07001000690
num: 2
label: person
pos: 505.597488 184.546436 9.150920 43.471765
occl: 1
lock: 0
posv: 505.597488 184.546436 9.150920 43.471765
label: person
pos: 525.909423 181.402292 18.528347 49.408926
occl: 1
lock: 0
posv: 534.618048 181.700394 1.000000 33.324117
