setid: 7
volid: 4
frameid: 1410
name: 07004001410
num: 2
label: person
pos: 182.777897 186.872193 14.739394 23.272727
occl: 0
lock: 0
posv: 0.000000 0.000000 0.000000 0.000000
label: person
pos: 211.141171 185.767803 13.124246 25.556778
occl: 0
lock: 0
posv: 0.000000 0.000000 0.000000 0.000000
