setid: 7
volid: 9
frameid: 1530
name: 07009001530
num: 2
label: person
pos: 321.926652 182.842263 18.770975 32.152565
occl: 0
lock: 0
posv: 0.000000 0.000000 0.000000 0.000000
label: person
pos: 568.623434 171.169728 18.550725 56.147720
occl: 0
lock: 1
posv: 0.000000 0.000000 0.000000 0.000000
