setid: 7
volid: 1
frameid: 510
name: 07001000510
num: 2
label: person
pos: 18.642340 177.580820 74.113390 224.656212
occl: 0
lock: 1
posv: 0.000000 0.000000 0.000000 0.000000
label: person
pos: 125.526148 141.296140 106.537998 267.889023
occl: 0
lock: 1
posv: 0.000000 0.000000 0.000000 0.000000
