setid: 7
volid: 2
frameid: 930
name: 07002000930
num: 1
label: person
pos: 437.941078 179.896864 15.194295 32.950767
occl: 1
lock: 1
posv: 442.679938 181.397286 8.210240 17.675041
