setid: 7
volid: 7
frameid: 1140
name: 07007001140
num: 1
label: person
pos: 305.625377 131.205314 92.425405 175.975789
occl: 0
lock: 0
posv: 0.000000 0.000000 0.000000 0.000000
