setid: 7
volid: 2
frameid: 1590
name: 07002001590
num: 2
label: person
pos: 613.449334 171.245433 17.439269 69.725373
occl: 1
lock: 0
posv: 616.079646 171.279723 14.181106 39.935793
label: person
pos: 460.212799 184.290652 12.860174 37.013211
occl: 1
lock: 0
posv: 462.322761 184.290652 10.750213 24.549546
