setid: 7
volid: 0
frameid: 1020
name: 07000001020
num: 1
label: person
pos: 408.433416 196.038850 19.930881 41.566158
occl: 1
lock: 0
posv: 408.433416 196.038850 19.930881 29.432024
