setid: 7
volid: 4
frameid: 1050
name: 07004001050
num: 3
label: person
pos: 191.920298 180.122709 14.536366 29.529861
occl: 0
lock: 0
posv: 0.000000 0.000000 0.000000 0.000000
label: person
pos: 134.168544 181.403548 11.632973 29.815451
occl: 0
lock: 0
posv: 0.000000 0.000000 0.000000 0.000000
label: person
pos: 200.065742 182.212907 10.036188 24.704463
occl: 0
lock: 1
posv: 0.000000 0.000000 0.000000 0.000000
