setid: 7
volid: 8
frameid: 1380
name: 07008001380
num: 4
label: person
pos: 83.050725 146.417192 61.449275 120.904064
occl: 0
lock: 0
posv: 0.000000 0.000000 0.000000 0.000000
label: person
pos: 66.427110 175.909776 16.967882 51.252583
occl: 0
lock: 0
posv: 0.000000 0.000000 0.000000 0.000000
label: person
pos: 51.911955 176.453518 18.198427 52.983478
occl: 0
lock: 0
posv: 0.000000 0.000000 0.000000 0.000000
label: person
pos: 312.384058 157.771242 69.024155 119.057261
occl: 0
lock: 0
posv: 0.000000 0.000000 0.000000 0.000000
