setid: 7
volid: 2
frameid: 1320
name: 07002001320
num: 4
label: person
pos: 569.326979 169.090851 28.766974 71.407053
occl: 0
lock: 0
posv: 0.000000 0.000000 0.000000 0.000000
label: person
pos: 489.458613 179.723844 12.820432 38.600724
occl: 1
lock: 0
posv: 499.639725 179.723844 1.000000 38.600724
label: person
pos: 437.918808 179.896864 14.802328 34.961779
occl: 1
lock: 0
posv: 442.214646 180.216429 9.968255 18.599507
label: person
pos: 603.171433 166.927209 27.456967 75.258821
occl: 1
lock: 0
posv: 618.446723 168.539495 1.002609 66.087727
