setid: 7
volid: 5
frameid: 420
name: 07005000420
num: 1
label: person
pos: 383.195004 178.704581 22.012298 51.714644
occl: 0
lock: 0
posv: 0.000000 0.000000 0.000000 0.000000
