setid: 7
volid: 7
frameid: 1110
name: 07007001110
num: 1
label: person
pos: 434.740901 136.673094 65.730079 146.943259
occl: 0
lock: 0
posv: 0.000000 0.000000 0.000000 0.000000
