setid: 7
volid: 2
frameid: 1710
name: 07002001710
num: 1
label: people
pos: 137.438438 188.421964 29.797409 32.424608
occl: 0
lock: 0
posv: 0.000000 0.000000 0.000000 0.000000
