setid: 7
volid: 5
frameid: 1650
name: 07005001650
num: 7
label: person
pos: 58.498685 186.666784 16.398933 32.997971
occl: 0
lock: 0
posv: 0.000000 0.000000 0.000000 0.000000
label: person
pos: 170.887231 186.748290 17.756333 33.196622
occl: 0
lock: 0
posv: 0.000000 0.000000 0.000000 0.000000
label: person
pos: 75.087877 184.496734 13.896261 38.012532
occl: 0
lock: 0
posv: 0.000000 0.000000 0.000000 0.000000
label: person
pos: 520.667918 167.889682 42.985555 108.280754
occl: 0
lock: 0
posv: 0.000000 0.000000 0.000000 0.000000
label: person
pos: 515.354107 172.914437 14.888199 47.705356
occl: 0
lock: 0
posv: 0.000000 0.000000 0.000000 0.000000
label: person
pos: 504.341226 174.463812 12.352232 49.492561
occl: 1
lock: 0
posv: 507.685345 174.463812 8.852691 49.492561
label: person
pos: 201.582703 189.467680 15.507396 27.053599
occl: 0
lock: 0
posv: 0.000000 0.000000 0.000000 0.000000
