setid: 7
volid: 5
frameid: 360
name: 07005000360
num: 1
label: person
pos: 390.293542 185.333443 20.096618 40.691598
occl: 0
lock: 0
posv: 0.000000 0.000000 0.000000 0.000000
