setid: 7
volid: 3
frameid: 1740
name: 07003001740
num: 4
label: person
pos: 573.892119 175.349177 22.662692 63.289756
occl: 1
lock: 0
posv: 582.892550 178.247325 1.000000 27.385471
label: person
pos: 509.506385 179.214896 21.122984 55.580526
occl: 0
lock: 0
posv: 0.000000 0.000000 0.000000 0.000000
label: person
pos: 359.907900 178.147669 24.391888 51.457814
occl: 0
lock: 0
posv: 0.000000 0.000000 0.000000 0.000000
label: person
pos: 479.082476 175.108446 17.775314 44.430261
occl: 0
lock: 1
posv: 0.000000 0.000000 0.000000 0.000000
