setid: 7
volid: 8
frameid: 1110
name: 07008001110
num: 2
label: person
pos: 428.188713 174.941817 35.446767 82.050559
occl: 0
lock: 0
posv: 0.000000 0.000000 0.000000 0.000000
label: person
pos: 279.360862 182.313690 20.929721 40.324808
occl: 0
lock: 0
posv: 0.000000 0.000000 0.000000 0.000000
