setid: 7
volid: 2
frameid: 1350
name: 07002001350
num: 4
label: person
pos: 558.271368 171.223644 28.699308 64.672191
occl: 0
lock: 0
posv: 0.000000 0.000000 0.000000 0.000000
label: person
pos: 493.546572 179.174636 12.995970 39.904722
occl: 1
lock: 0
posv: 497.165064 179.174636 9.377477 39.904722
label: person
pos: 437.846200 179.896864 14.183516 32.738839
occl: 1
lock: 0
posv: 442.410246 180.627298 9.619470 19.284290
label: person
pos: 590.405937 168.568421 24.118792 67.974218
occl: 0
lock: 0
posv: 0.000000 0.000000 0.000000 0.000000
