setid: 7
volid: 8
frameid: 960
name: 07008000960
num: 3
label: person
pos: 164.459179 190.036800 17.953865 48.970176
occl: 0
lock: 0
posv: 0.000000 0.000000 0.000000 0.000000
label: person
pos: 28.126101 184.215544 18.901037 51.192583
occl: 0
lock: 0
posv: 0.000000 0.000000 0.000000 0.000000
label: person
pos: 267.884721 189.189969 15.458937 29.080629
occl: 1
lock: 0
posv: 274.308139 189.216854 1.000000 23.161521
