setid: 7
volid: 8
frameid: 690
name: 07008000690
num: 6
label: person
pos: 580.409016 159.174197 20.565359 54.443735
occl: 1
lock: 0
posv: 582.022307 159.174197 18.860139 27.588381
label: person
pos: 45.850014 168.607104 13.812422 40.839885
occl: 0
lock: 0
posv: 0.000000 0.000000 0.000000 0.000000
label: person
pos: 382.954106 139.971157 80.309179 143.350099
occl: 0
lock: 0
posv: 0.000000 0.000000 0.000000 0.000000
label: people
pos: 485.678744 161.002415 43.787440 40.038647
occl: 0
lock: 0
posv: 0.000000 0.000000 0.000000 0.000000
label: person
pos: 119.721583 167.997760 15.131311 31.970854
occl: 0
lock: 0
posv: 0.000000 0.000000 0.000000 0.000000
label: person
pos: 32.510372 173.389609 15.222504 35.435191
occl: 0
lock: 0
posv: 0.000000 0.000000 0.000000 0.000000
