setid: 7
volid: 5
frameid: 510
name: 07005000510
num: 2
label: person
pos: 399.449468 178.724738 23.598585 57.289579
occl: 0
lock: 0
posv: 0.000000 0.000000 0.000000 0.000000
label: person
pos: 524.713216 169.830895 25.132869 57.857020
occl: 1
lock: 0
posv: 524.713216 169.960520 21.605895 27.176512
