setid: 7
volid: 5
frameid: 300
name: 07005000300
num: 1
label: person
pos: 376.885844 185.768635 17.539843 37.025388
occl: 0
lock: 0
posv: 0.000000 0.000000 0.000000 0.000000
