setid: 7
volid: 0
frameid: 1050
name: 07000001050
num: 1
label: person
pos: 421.418579 193.263812 21.989337 43.565751
occl: 1
lock: 0
posv: 421.418579 193.263812 21.989337 29.510164
