setid: 7
volid: 1
frameid: 1530
name: 07001001530
num: 1
label: person
pos: 402.195940 184.214604 18.653553 32.909973
occl: 1
lock: 0
posv: 405.050240 184.214604 14.617752 32.909973
