setid: 7
volid: 8
frameid: 1080
name: 07008001080
num: 3
label: person
pos: 407.592168 180.021028 22.571728 52.466048
occl: 0
lock: 0
posv: 0.000000 0.000000 0.000000 0.000000
label: person
pos: 312.073458 181.831912 17.315431 33.547315
occl: 0
lock: 0
posv: 0.000000 0.000000 0.000000 0.000000
label: person
pos: 17.172052 184.065946 20.249462 40.666687
occl: 1
lock: 0
posv: 18.628140 185.391756 18.676186 23.188406
