setid: 7
volid: 4
frameid: 210
name: 07004000210
num: 1
label: person
pos: 512.191194 195.259952 20.072376 49.408926
occl: 0
lock: 0
posv: 0.000000 0.000000 0.000000 0.000000
