setid: 7
volid: 6
frameid: 1050
name: 07006001050
num: 3
label: person
pos: 86.429525 188.764706 13.239557 36.609335
occl: 0
lock: 1
posv: 0.000000 0.000000 0.000000 0.000000
label: person
pos: 552.074373 181.587646 16.666697 38.693363
occl: 0
lock: 0
posv: 0.000000 0.000000 0.000000 0.000000
label: person
pos: 486.321623 181.121910 12.670988 37.345411
occl: 1
lock: 1
posv: 486.321623 181.121910 12.670988 37.345411
