setid: 7
volid: 5
frameid: 1020
name: 07005001020
num: 2
label: person
pos: 446.928109 190.023782 13.124246 27.792521
occl: 0
lock: 1
posv: 0.000000 0.000000 0.000000 0.000000
label: person
pos: 372.974894 189.368994 16.998121 30.513189
occl: 0
lock: 0
posv: 0.000000 0.000000 0.000000 0.000000
