setid: 7
volid: 3
frameid: 1200
name: 07003001200
num: 4
label: person
pos: 392.122412 180.503743 16.113330 43.191781
occl: 1
lock: 0
posv: 392.253654 180.522371 15.192157 37.402674
label: person
pos: 364.880576 182.913369 12.870400 30.928209
occl: 0
lock: 0
posv: 0.000000 0.000000 0.000000 0.000000
label: person
pos: 3.726613 198.812673 13.467539 38.773445
occl: 0
lock: 0
posv: 0.000000 0.000000 0.000000 0.000000
label: person
pos: 337.646414 193.455719 12.332124 25.063638
occl: 0
lock: 0
posv: 0.000000 0.000000 0.000000 0.000000
