setid: 7
volid: 4
frameid: 1800
name: 07004001800
num: 1
label: person
pos: 26.585918 193.178788 15.515152 29.649845
occl: 1
lock: 0
posv: 26.585918 193.178788 15.515152 21.721212
