setid: 7
volid: 6
frameid: 1410
name: 07006001410
num: 1
label: person
pos: 58.714149 192.385043 15.699178 36.397133
occl: 1
lock: 0
posv: 65.163860 192.385043 1.000000 25.907350
