setid: 7
volid: 0
frameid: 60
name: 07000000060
num: 6
label: person
pos: 64.966019 190.208738 16.310680 32.168285
occl: 0
lock: 0
posv: 0.000000 0.000000 0.000000 0.000000
label: person
pos: 467.570560 175.645631 20.042642 66.796117
occl: 0
lock: 0
posv: 0.000000 0.000000 0.000000 0.000000
label: person
pos: 412.927184 185.742718 11.650485 31.844660
occl: 1
lock: 0
posv: 412.927184 185.742718 11.650485 31.844660
label: person
pos: 521.085510 171.341614 22.861015 73.000863
occl: 0
lock: 0
posv: 0.000000 0.000000 0.000000 0.000000
label: person
pos: 504.461353 170.934783 23.961353 74.465437
occl: 0
lock: 0
posv: 0.000000 0.000000 0.000000 0.000000
label: person
pos: 432.154689 175.645631 15.723951 55.145631
occl: 0
lock: 0
posv: 0.000000 0.000000 0.000000 0.000000
