setid: 7
volid: 3
frameid: 270
name: 07003000270
num: 1
label: person
pos: 307.545973 180.889945 34.588922 63.022010
occl: 1
lock: 0
posv: 307.545973 180.889945 33.891761 36.729960
