setid: 7
volid: 2
frameid: 1500
name: 07002001500
num: 2
label: person
pos: 513.330019 174.010314 20.938155 54.227973
occl: 1
lock: 0
posv: 523.818252 174.065067 1.000000 21.647086
label: person
pos: 435.707049 184.912912 13.896261 28.644884
occl: 1
lock: 0
posv: 440.193818 184.912912 1.041532 28.644884
