setid: 7
volid: 3
frameid: 1500
name: 07003001500
num: 5
label: people
pos: 19.134223 180.402207 81.878654 47.126013
occl: 0
lock: 0
posv: 0.000000 0.000000 0.000000 0.000000
label: person
pos: 552.392614 115.863949 79.433121 190.445421
occl: 1
lock: 0
posv: 552.392614 118.141996 66.132125 146.854412
label: person
pos: 531.657454 169.860676 29.336550 74.885404
occl: 1
lock: 0
posv: 535.347599 172.117203 23.763156 67.607353
label: person
pos: 447.308315 177.315944 14.887802 46.298440
occl: 1
lock: 0
posv: 447.416948 177.315944 12.767838 45.437955
label: person
pos: 336.086289 184.098549 16.702471 42.150797
occl: 0
lock: 0
posv: 0.000000 0.000000 0.000000 0.000000
