setid: 7
volid: 8
frameid: 1140
name: 07008001140
num: 4
label: person
pos: 123.522109 183.094089 13.140097 33.236715
occl: 0
lock: 0
posv: 0.000000 0.000000 0.000000 0.000000
label: person
pos: 498.747315 158.229616 60.781154 144.395399
occl: 0
lock: 1
posv: 0.000000 0.000000 0.000000 0.000000
label: person?
pos: 447.940220 178.189168 16.708654 41.664628
occl: 1
lock: 0
posv: 448.809179 178.189168 15.839695 24.436436
label: person
pos: 235.188832 183.764280 21.156579 38.957943
occl: 0
lock: 1
posv: 0.000000 0.000000 0.000000 0.000000
