setid: 7
volid: 0
frameid: 630
name: 07000000630
num: 4
label: people
pos: 68.849515 190.242718 38.058252 31.067961
occl: 0
lock: 1
posv: 0.000000 0.000000 0.000000 0.000000
label: people
pos: 435.394251 181.050923 89.377594 54.012184
occl: 0
lock: 0
posv: 0.000000 0.000000 0.000000 0.000000
label: person
pos: 532.804045 171.848061 24.295634 69.489360
occl: 0
lock: 0
posv: 0.000000 0.000000 0.000000 0.000000
label: person
pos: 24.573105 194.260812 18.535551 35.954502
occl: 1
lock: 0
posv: 24.685092 198.433252 17.697877 1.237624
