setid: 7
volid: 0
frameid: 240
name: 07000000240
num: 6
label: person
pos: 593.061536 160.287169 35.596754 111.598610
occl: 0
lock: 0
posv: 0.000000 0.000000 0.000000 0.000000
label: person
pos: 558.784363 168.898082 33.061868 105.955263
occl: 0
lock: 0
posv: 0.000000 0.000000 0.000000 0.000000
label: person
pos: 414.376958 186.105162 13.825243 33.922330
occl: 1
lock: 0
posv: 418.371416 186.105162 1.000000 33.922330
label: person
pos: 483.980868 172.498477 20.861270 69.393010
occl: 1
lock: 0
posv: 492.743226 172.498477 1.102310 69.393010
label: person
pos: 461.409683 177.226685 19.719188 70.609548
occl: 1
lock: 1
posv: 461.634434 179.793122 17.548367 65.522366
label: person
pos: 405.896064 179.681906 29.343851 59.223686
occl: 0
lock: 0
posv: 0.000000 0.000000 0.000000 0.000000
