setid: 7
volid: 3
frameid: 300
name: 07003000300
num: 1
label: person
pos: 291.353539 183.178214 32.831886 57.063305
occl: 1
lock: 0
posv: 291.684311 183.178214 32.501114 32.427796
