setid: 7
volid: 8
frameid: 180
name: 07008000180
num: 2
label: person
pos: 109.057829 190.217391 15.087383 27.963626
occl: 0
lock: 0
posv: 0.000000 0.000000 0.000000 0.000000
label: person
pos: 413.059885 185.624764 11.264958 23.102939
occl: 0
lock: 0
posv: 0.000000 0.000000 0.000000 0.000000
