setid: 7
volid: 2
frameid: 30
name: 07002000030
num: 2
label: person
pos: 430.407333 174.647165 24.704463 52.496984
occl: 0
lock: 0
posv: 0.000000 0.000000 0.000000 0.000000
label: person
pos: 122.981232 188.024852 16.649022 32.424608
occl: 1
lock: 0
posv: 124.562093 189.223941 12.761213 31.087102
