setid: 7
volid: 5
frameid: 1980
name: 07005001980
num: 2
label: person
pos: 54.475419 193.882696 14.416312 31.635162
occl: 0
lock: 0
posv: 0.000000 0.000000 0.000000 0.000000
label: person
pos: 76.400483 197.447846 13.334138 31.909813
occl: 0
lock: 1
posv: 0.000000 0.000000 0.000000 0.000000
