setid: 7
volid: 7
frameid: 270
name: 07007000270
num: 1
label: person
pos: 222.490338 119.147343 131.942029 267.439614
occl: 0
lock: 0
posv: 0.000000 0.000000 0.000000 0.000000
