setid: 7
volid: 4
frameid: 390
name: 07004000390
num: 1
label: person
pos: 8.415146 192.537012 15.363443 38.144753
occl: 0
lock: 0
posv: 0.000000 0.000000 0.000000 0.000000
