setid: 7
volid: 0
frameid: 1140
name: 07000001140
num: 3
label: person
pos: 481.881058 195.735884 13.413478 33.482391
occl: 0
lock: 0
posv: 0.000000 0.000000 0.000000 0.000000
label: person
pos: 497.293365 178.996330 25.528696 60.902420
occl: 0
lock: 0
posv: 0.000000 0.000000 0.000000 0.000000
label: person
pos: 540.749653 179.994275 17.313236 54.745282
occl: 1
lock: 0
posv: 546.528047 181.340810 6.190240 18.383659
