setid: 7
volid: 6
frameid: 720
name: 07006000720
num: 4
label: person
pos: 469.207989 185.078066 16.222462 37.661665
occl: 0
lock: 0
posv: 0.000000 0.000000 0.000000 0.000000
label: person
pos: 63.882641 185.679368 18.168247 42.723701
occl: 1
lock: 0
posv: 75.455843 185.679368 1.000000 25.313385
label: person
pos: 50.394893 186.200483 16.120089 40.548493
occl: 1
lock: 0
posv: 50.980222 186.202657 14.096086 17.995083
label: person
pos: 116.647542 185.470673 19.017445 47.851350
occl: 1
lock: 1
posv: 116.971918 185.470673 16.096653 27.989964
