setid: 7
volid: 6
frameid: 1170
name: 07006001170
num: 2
label: person
pos: 593.491830 168.064223 24.763214 72.029607
occl: 0
lock: 1
posv: 0.000000 0.000000 0.000000 0.000000
label: person
pos: 103.957030 185.154743 13.140944 30.435938
occl: 1
lock: 0
posv: 110.413034 185.835426 1.000000 17.258336
