setid: 7
volid: 9
frameid: 510
name: 07009000510
num: 1
label: person
pos: 509.945865 186.494885 16.231884 39.352089
occl: 0
lock: 1
posv: 0.000000 0.000000 0.000000 0.000000
