setid: 7
volid: 2
frameid: 870
name: 07002000870
num: 1
label: person
pos: 445.128870 179.253518 14.242768 31.391878
occl: 1
lock: 0
posv: 445.412437 180.901642 9.767730 16.617021
