setid: 7
volid: 0
frameid: 1080
name: 07000001080
num: 1
label: person
pos: 443.308021 188.746465 21.081975 48.031403
occl: 1
lock: 0
posv: 443.308021 188.746465 21.081975 33.302307
