setid: 7
volid: 9
frameid: 180
name: 07009000180
num: 2
label: person
pos: 518.417775 173.045951 20.011978 46.210076
occl: 0
lock: 0
posv: 0.000000 0.000000 0.000000 0.000000
label: person
pos: 314.509662 177.973288 29.038569 45.483234
occl: 0
lock: 0
posv: 0.000000 0.000000 0.000000 0.000000
