setid: 7
volid: 1
frameid: 420
name: 07001000420
num: 2
label: person
pos: 184.033196 166.116405 90.107335 184.936068
occl: 0
lock: 0
posv: 0.000000 0.000000 0.000000 0.000000
label: person
pos: 555.192400 102.695416 83.377563 365.934861
occl: 0
lock: 0
posv: 0.000000 0.000000 0.000000 0.000000
