setid: 7
volid: 6
frameid: 840
name: 07006000840
num: 4
label: person
pos: 519.930629 169.235398 20.096618 42.779972
occl: 0
lock: 0
posv: 0.000000 0.000000 0.000000 0.000000
label: person
pos: 156.583789 171.081748 16.452560 35.298704
occl: 0
lock: 0
posv: 0.000000 0.000000 0.000000 0.000000
label: person?
pos: 46.025575 170.697379 16.639206 38.784850
occl: 1
lock: 1
posv: 46.025575 170.697379 14.524439 18.788128
label: person
pos: 112.476559 169.189039 21.750912 46.755226
occl: 1
lock: 0
posv: 116.391904 171.879628 16.633968 20.083699
