setid: 7
volid: 1
frameid: 1560
name: 07001001560
num: 1
label: person
pos: 408.944223 181.437506 20.406431 35.162290
occl: 1
lock: 0
posv: 411.542788 181.847693 17.500618 34.752103
