setid: 7
volid: 5
frameid: 900
name: 07005000900
num: 1
label: person
pos: 387.261017 188.376764 16.813962 34.948093
occl: 0
lock: 0
posv: 0.000000 0.000000 0.000000 0.000000
