setid: 7
volid: 8
frameid: 330
name: 07008000330
num: 2
label: person
pos: 474.004278 154.140238 16.134341 35.866224
occl: 1
lock: 0
posv: 482.606471 154.140238 1.000000 19.607520
label: person
pos: 380.599572 158.124340 12.709615 22.435107
occl: 0
lock: 0
posv: 0.000000 0.000000 0.000000 0.000000
