setid: 7
volid: 5
frameid: 90
name: 07005000090
num: 3
label: person-fa
pos: 485.708298 183.456522 21.642512 44.097045
occl: 0
lock: 0
posv: 0.000000 0.000000 0.000000 0.000000
label: person?
pos: 97.658117 182.088103 11.457960 22.021425
occl: 1
lock: 0
posv: 97.658117 182.088103 11.457960 22.021425
label: person
pos: 550.948458 168.321107 25.545870 79.621771
occl: 0
lock: 0
posv: 0.000000 0.000000 0.000000 0.000000
