setid: 7
volid: 5
frameid: 960
name: 07005000960
num: 1
label: person
pos: 380.744619 189.673902 17.568418 31.625571
occl: 0
lock: 0
posv: 0.000000 0.000000 0.000000 0.000000
