setid: 7
volid: 5
frameid: 1200
name: 07005001200
num: 2
label: person
pos: 373.771875 174.814059 15.652576 34.211227
occl: 0
lock: 0
posv: 0.000000 0.000000 0.000000 0.000000
label: person
pos: 37.970729 171.690148 14.826596 44.720596
occl: 0
lock: 0
posv: 0.000000 0.000000 0.000000 0.000000
