setid: 7
volid: 4
frameid: 60
name: 07004000060
num: 3
label: person
pos: 373.721032 156.952376 108.082027 183.992337
occl: 0
lock: 0
posv: 0.000000 0.000000 0.000000 0.000000
label: person
pos: 285.119461 202.781665 13.989707 37.872738
occl: 1
lock: 1
posv: 285.119461 202.781665 12.356239 35.848257
label: person
pos: 358.236490 191.294726 22.388420 77.904809
occl: 0
lock: 0
posv: 0.000000 0.000000 0.000000 0.000000
