setid: 7
volid: 7
frameid: 330
name: 07007000330
num: 2
label: person
pos: 528.315723 112.978919 91.958659 234.527536
occl: 0
lock: 0
posv: 0.000000 0.000000 0.000000 0.000000
label: person
pos: 156.326087 144.847826 94.724638 204.057971
occl: 0
lock: 0
posv: 0.000000 0.000000 0.000000 0.000000
