setid: 7
volid: 5
frameid: 1950
name: 07005001950
num: 2
label: person
pos: 58.264104 193.882696 12.127627 33.183734
occl: 1
lock: 0
posv: 58.264104 195.318055 10.740905 31.748375
label: person
pos: 81.900483 196.447846 14.668275 31.909813
occl: 0
lock: 1
posv: 0.000000 0.000000 0.000000 0.000000
