setid: 7
volid: 9
frameid: 1470
name: 07009001470
num: 3
label: person
pos: 322.026652 180.592263 18.770975 32.152565
occl: 0
lock: 0
posv: 0.000000 0.000000 0.000000 0.000000
label: person?
pos: 503.117124 177.396596 17.059774 42.941853
occl: 1
lock: 0
posv: 512.765516 177.396596 1.000000 18.890311
label: person
pos: 274.919662 183.741725 14.283319 25.507246
occl: 0
lock: 0
posv: 0.000000 0.000000 0.000000 0.000000
