setid: 7
volid: 8
frameid: 870
name: 07008000870
num: 6
label: person
pos: 246.876329 187.749758 15.458937 36.328502
occl: 0
lock: 0
posv: 0.000000 0.000000 0.000000 0.000000
label: person
pos: 99.295396 180.727479 17.919722 41.722933
occl: 0
lock: 0
posv: 0.000000 0.000000 0.000000 0.000000
label: person
pos: 304.649911 185.980948 10.031018 22.162218
occl: 0
lock: 0
posv: 0.000000 0.000000 0.000000 0.000000
label: people
pos: 564.751208 172.712560 44.057971 44.057971
occl: 0
lock: 0
posv: 0.000000 0.000000 0.000000 0.000000
label: person
pos: 37.349619 181.493437 17.198372 45.603865
occl: 0
lock: 0
posv: 0.000000 0.000000 0.000000 0.000000
label: person
pos: 9.942929 185.231578 15.941522 38.610055
occl: 0
lock: 1
posv: 0.000000 0.000000 0.000000 0.000000
