setid: 7
volid: 0
frameid: 90
name: 07000000090
num: 5
label: person
pos: 467.255854 175.645631 20.042642 70.113745
occl: 0
lock: 0
posv: 0.000000 0.000000 0.000000 0.000000
label: person
pos: 412.927184 185.742718 11.650485 31.844660
occl: 1
lock: 0
posv: 412.927184 185.742718 11.650485 31.844660
label: person
pos: 514.765182 171.848967 19.177138 66.688198
occl: 0
lock: 0
posv: 0.000000 0.000000 0.000000 0.000000
label: person
pos: 496.177039 172.081841 23.961353 81.159420
occl: 1
lock: 0
posv: 504.183060 173.261392 15.538488 67.955233
label: person
pos: 434.024989 175.645631 20.194828 55.145631
occl: 0
lock: 0
posv: 0.000000 0.000000 0.000000 0.000000
