setid: 7
volid: 8
frameid: 660
name: 07008000660
num: 5
label: person
pos: 555.791224 162.839661 19.448913 51.295234
occl: 1
lock: 0
posv: 556.149972 162.846405 19.090165 26.452828
label: person
pos: 35.179779 174.183362 17.342386 36.996392
occl: 1
lock: 0
posv: 44.698175 174.183362 1.000000 36.964652
label: person
pos: 482.050440 157.439756 61.174197 115.408070
occl: 0
lock: 0
posv: 0.000000 0.000000 0.000000 0.000000
label: people
pos: 474.045894 165.330918 38.647343 37.101449
occl: 0
lock: 0
posv: 0.000000 0.000000 0.000000 0.000000
label: person
pos: 41.642256 178.523615 15.481884 33.852756
occl: 0
lock: 0
posv: 0.000000 0.000000 0.000000 0.000000
