setid: 7
volid: 9
frameid: 1110
name: 07009001110
num: 3
label: person
pos: 215.825092 193.963036 14.685990 30.917874
occl: 0
lock: 0
posv: 0.000000 0.000000 0.000000 0.000000
label: person
pos: 241.675343 192.945699 15.458937 30.144928
occl: 0
lock: 0
posv: 0.000000 0.000000 0.000000 0.000000
label: person?
pos: 458.787389 187.539040 14.154839 30.473076
occl: 1
lock: 0
posv: 466.815667 187.539040 1.000000 16.029161
