setid: 7
volid: 4
frameid: 1140
name: 07004001140
num: 2
label: person
pos: 23.409187 188.695090 16.980956 41.310564
occl: 1
lock: 0
posv: 23.957863 188.695090 13.247279 18.826890
label: person
pos: 139.666627 187.753602 15.926871 33.288400
occl: 1
lock: 0
posv: 139.898809 187.953793 12.736642 9.502636
