setid: 7
volid: 0
frameid: 30
name: 07000000030
num: 7
label: person
pos: 58.040453 189.610032 16.310680 23.106796
occl: 0
lock: 0
posv: 0.000000 0.000000 0.000000 0.000000
label: people
pos: 82.830742 192.732365 27.269903 24.854369
occl: 0
lock: 0
posv: 0.000000 0.000000 0.000000 0.000000
label: person
pos: 470.402913 175.645631 20.368475 66.796117
occl: 0
lock: 0
posv: 0.000000 0.000000 0.000000 0.000000
label: person
pos: 412.927184 185.742718 11.650485 31.844660
occl: 1
lock: 0
posv: 412.927184 185.742718 11.650485 31.844660
label: person
pos: 522.697506 170.331906 26.674672 78.825071
occl: 0
lock: 0
posv: 0.000000 0.000000 0.000000 0.000000
label: person
pos: 504.461353 170.934783 23.961353 81.159420
occl: 0
lock: 0
posv: 0.000000 0.000000 0.000000 0.000000
label: person
pos: 428.814755 175.645631 19.063885 55.145631
occl: 0
lock: 0
posv: 0.000000 0.000000 0.000000 0.000000
