setid: 7
volid: 4
frameid: 1200
name: 07004001200
num: 1
label: person
pos: 47.955876 184.097613 17.900776 47.054415
occl: 0
lock: 0
posv: 0.000000 0.000000 0.000000 0.000000
