setid: 7
volid: 3
frameid: 1800
name: 07003001800
num: 3
label: person
pos: 615.847909 170.552567 22.961559 76.538710
occl: 1
lock: 1
posv: 618.201833 173.401851 19.910922 44.208165
label: person
pos: 582.169184 175.987772 26.247766 81.584821
occl: 0
lock: 1
posv: 0.000000 0.000000 0.000000 0.000000
label: person
pos: 523.429143 177.963883 20.691579 58.903752
occl: 0
lock: 1
posv: 0.000000 0.000000 0.000000 0.000000
