setid: 7
volid: 2
frameid: 1380
name: 07002001380
num: 4
label: person
pos: 550.552227 173.357185 26.148003 61.982191
occl: 0
lock: 0
posv: 0.000000 0.000000 0.000000 0.000000
label: person
pos: 495.638359 179.395054 13.849573 44.599115
occl: 0
lock: 0
posv: 0.000000 0.000000 0.000000 0.000000
label: person
pos: 437.846200 179.896864 13.896261 35.737224
occl: 1
lock: 0
posv: 442.529666 181.975056 8.747273 19.558203
label: person
pos: 581.610949 170.408991 24.743596 69.705001
occl: 0
lock: 0
posv: 0.000000 0.000000 0.000000 0.000000
