setid: 7
volid: 8
frameid: 510
name: 07008000510
num: 1
label: person
pos: 367.067576 185.482268 17.524325 37.688821
occl: 1
lock: 0
posv: 376.103880 185.851618 1.000000 37.319471
