setid: 7
volid: 6
frameid: 1230
name: 07006001230
num: 2
label: person
pos: 119.856749 178.758785 15.380655 29.079502
occl: 1
lock: 0
posv: 125.783950 179.229215 3.279171 17.773936
label: person
pos: 72.671771 182.513625 12.998920 30.021190
occl: 1
lock: 0
posv: 82.408271 182.513625 1.000000 28.451632
