setid: 7
volid: 8
frameid: 210
name: 07008000210
num: 2
label: person
pos: 68.542228 188.383689 20.833475 40.466184
occl: 0
lock: 0
posv: 0.000000 0.000000 0.000000 0.000000
label: person
pos: 423.950491 183.957263 12.582410 25.318493
occl: 1
lock: 0
posv: 429.630193 186.494547 6.129053 22.781209
