setid: 7
volid: 8
frameid: 1350
name: 07008001350
num: 4
label: person
pos: 316.714411 157.952117 66.703463 101.716965
occl: 0
lock: 0
posv: 0.000000 0.000000 0.000000 0.000000
label: person
pos: 109.170976 181.812022 15.118446 43.273132
occl: 0
lock: 0
posv: 0.000000 0.000000 0.000000 0.000000
label: person
pos: 98.771064 182.581268 17.700483 45.925194
occl: 0
lock: 0
posv: 0.000000 0.000000 0.000000 0.000000
label: person
pos: 489.190850 173.958369 51.981500 92.689969
occl: 0
lock: 0
posv: 0.000000 0.000000 0.000000 0.000000
