setid: 7
volid: 4
frameid: 1260
name: 07004001260
num: 1
label: people
pos: 46.172901 179.452870 21.514366 43.353842
occl: 0
lock: 0
posv: 0.000000 0.000000 0.000000 0.000000
