setid: 7
volid: 4
frameid: 1770
name: 07004001770
num: 1
label: person
pos: 34.531644 195.132458 10.860771 22.942754
occl: 1
lock: 0
posv: 34.531644 195.506061 10.574417 18.618182
