setid: 7
volid: 2
frameid: 270
name: 07002000270
num: 4
label: people
pos: 488.953559 187.462606 41.688782 43.232811
occl: 0
lock: 0
posv: 0.000000 0.000000 0.000000 0.000000
label: people
pos: 37.239847 196.675312 23.932449 42.460796
occl: 0
lock: 0
posv: 0.000000 0.000000 0.000000 0.000000
label: person
pos: 427.461991 194.652340 15.440290 24.694463
occl: 0
lock: 0
posv: 0.000000 0.000000 0.000000 0.000000
label: person
pos: 77.857590 194.590016 17.756333 43.393217
occl: 1
lock: 0
posv: 87.420073 194.590016 1.000000 42.908565
