setid: 7
volid: 2
frameid: 1260
name: 07002001260
num: 4
label: person
pos: 596.130946 167.150321 23.764288 75.413147
occl: 0
lock: 0
posv: 0.000000 0.000000 0.000000 0.000000
label: person
pos: 477.422176 179.088439 14.671517 39.745084
occl: 1
lock: 0
posv: 485.542529 180.037630 1.000000 38.600724
label: person
pos: 437.846200 179.896864 13.896261 32.790535
occl: 1
lock: 0
posv: 442.966795 181.152025 7.548990 20.083476
label: person
pos: 630.464599 165.593533 2.681335 90.364072
occl: 1
lock: 0
posv: 631.306510 165.593533 1.288261 80.288256
