setid: 7
volid: 0
frameid: 180
name: 07000000180
num: 6
label: person
pos: 530.224272 171.542071 33.660194 89.418618
occl: 0
lock: 0
posv: 0.000000 0.000000 0.000000 0.000000
label: person
pos: 505.897567 174.547592 22.025248 84.296359
occl: 1
lock: 0
posv: 517.961357 174.547592 1.439713 84.296359
label: person
pos: 413.399583 185.860818 13.825243 36.008918
occl: 1
lock: 0
posv: 421.699680 187.947406 1.000000 33.922330
label: person
pos: 482.294594 172.920046 21.957834 71.030878
occl: 0
lock: 0
posv: 0.000000 0.000000 0.000000 0.000000
label: person
pos: 465.698037 176.154597 21.841003 70.609548
occl: 1
lock: 0
posv: 473.284596 178.053717 9.561797 65.884413
label: person
pos: 400.575508 181.648018 21.709187 55.254170
occl: 0
lock: 0
posv: 0.000000 0.000000 0.000000 0.000000
