setid: 7
volid: 4
frameid: 1440
name: 07004001440
num: 2
label: person
pos: 143.630535 196.491586 14.739394 23.272727
occl: 0
lock: 0
posv: 0.000000 0.000000 0.000000 0.000000
label: person
pos: 171.352580 190.036906 13.124246 31.060955
occl: 0
lock: 0
posv: 0.000000 0.000000 0.000000 0.000000
