setid: 7
volid: 3
frameid: 390
name: 07003000390
num: 1
label: person
pos: 310.585479 186.031002 31.197710 58.006319
occl: 0
lock: 0
posv: 0.000000 0.000000 0.000000 0.000000
