setid: 7
volid: 4
frameid: 1470
name: 07004001470
num: 2
label: person
pos: 103.912834 194.319465 15.931016 27.144314
occl: 0
lock: 0
posv: 0.000000 0.000000 0.000000 0.000000
label: person
pos: 138.076555 188.865970 13.124246 34.380910
occl: 0
lock: 0
posv: 0.000000 0.000000 0.000000 0.000000
