setid: 7
volid: 6
frameid: 240
name: 07006000240
num: 6
label: person
pos: 598.471057 178.888860 28.696292 71.485081
occl: 0
lock: 0
posv: 0.000000 0.000000 0.000000 0.000000
label: person
pos: 437.987923 173.915743 21.123046 55.376527
occl: 0
lock: 0
posv: 0.000000 0.000000 0.000000 0.000000
label: person
pos: 81.651600 193.560926 15.113697 30.505913
occl: 0
lock: 0
posv: 0.000000 0.000000 0.000000 0.000000
label: person
pos: 369.927536 184.976968 15.458937 37.874396
occl: 0
lock: 0
posv: 0.000000 0.000000 0.000000 0.000000
label: person
pos: 463.382362 175.427229 17.720520 53.536709
occl: 0
lock: 0
posv: 0.000000 0.000000 0.000000 0.000000
label: person
pos: 45.842995 198.804348 12.367150 26.280193
occl: 0
lock: 1
posv: 0.000000 0.000000 0.000000 0.000000
