setid: 7
volid: 4
frameid: 360
name: 07004000360
num: 1
label: person
pos: 62.893040 196.391435 13.168441 29.503039
occl: 1
lock: 0
posv: 71.468592 196.391435 1.000000 29.503039
