setid: 7
volid: 0
frameid: 330
name: 07000000330
num: 4
label: person
pos: 400.727440 186.621275 18.552384 34.336428
occl: 1
lock: 0
posv: 400.727440 189.350519 18.518438 1.000000
label: person
pos: 488.137731 170.917133 21.004651 67.573239
occl: 1
lock: 0
posv: 492.535536 171.610243 1.454755 66.880130
label: person
pos: 468.960571 171.985791 22.754440 67.432225
occl: 0
lock: 0
posv: 0.000000 0.000000 0.000000 0.000000
label: person
pos: 487.835066 152.054740 43.073177 106.376053
occl: 1
lock: 0
posv: 488.049920 152.054740 40.131195 104.966541
