setid: 7
volid: 4
frameid: 1590
name: 07004001590
num: 1
label: person
pos: 535.384848 150.124242 14.739394 56.630303
occl: 1
lock: 1
posv: 535.997120 150.124242 14.127123 56.630303
