setid: 7
volid: 0
frameid: 1200
name: 07000001200
num: 1
label: person
pos: 572.612624 169.217066 26.583693 68.667849
occl: 0
lock: 0
posv: 0.000000 0.000000 0.000000 0.000000
