setid: 7
volid: 5
frameid: 1140
name: 07005001140
num: 3
label: people
pos: 514.275633 183.866388 55.973267 42.737352
occl: 0
lock: 0
posv: 0.000000 0.000000 0.000000 0.000000
label: person
pos: 571.826835 179.078148 21.718388 56.188415
occl: 0
lock: 1
posv: 0.000000 0.000000 0.000000 0.000000
label: person
pos: 369.743016 189.967816 14.627824 27.528041
occl: 0
lock: 0
posv: 0.000000 0.000000 0.000000 0.000000
