setid: 7
volid: 5
frameid: 390
name: 07005000390
num: 1
label: person
pos: 389.260171 181.712830 20.351001 46.121580
occl: 0
lock: 0
posv: 0.000000 0.000000 0.000000 0.000000
