setid: 7
volid: 7
frameid: 360
name: 07007000360
num: 2
label: person
pos: 570.071392 112.163191 70.428608 220.150725
occl: 0
lock: 0
posv: 0.000000 0.000000 0.000000 0.000000
label: person
pos: 309.871981 149.176329 68.173913 204.057971
occl: 0
lock: 0
posv: 0.000000 0.000000 0.000000 0.000000
