setid: 7
volid: 6
frameid: 870
name: 07006000870
num: 3
label: person
pos: 584.847826 169.388889 20.096618 51.787440
occl: 0
lock: 1
posv: 0.000000 0.000000 0.000000 0.000000
label: person
pos: 91.858595 174.086483 20.434619 46.251966
occl: 0
lock: 0
posv: 0.000000 0.000000 0.000000 0.000000
label: person
pos: 5.677465 169.793549 24.418658 66.829229
occl: 1
lock: 1
posv: 5.677465 169.793549 24.418658 32.877165
