setid: 7
volid: 9
frameid: 1260
name: 07009001260
num: 3
label: person
pos: 289.152031 186.653294 45.122287 67.825661
occl: 0
lock: 0
posv: 0.000000 0.000000 0.000000 0.000000
label: person
pos: 188.329824 198.205111 10.757497 23.457933
occl: 0
lock: 0
posv: 0.000000 0.000000 0.000000 0.000000
label: person?
pos: 459.378268 191.566437 13.585228 31.098345
occl: 1
lock: 0
posv: 459.610681 192.208750 11.163094 11.323583
