setid: 7
volid: 9
frameid: 1230
name: 07009001230
num: 3
label: person
pos: 214.814166 181.278687 60.729128 76.931230
occl: 0
lock: 0
posv: 0.000000 0.000000 0.000000 0.000000
label: person
pos: 191.135447 198.711532 10.872385 22.231123
occl: 0
lock: 0
posv: 0.000000 0.000000 0.000000 0.000000
label: person?
pos: 458.536574 192.871741 14.868791 29.793041
occl: 1
lock: 0
posv: 459.970913 192.871741 10.084056 9.759958
