setid: 7
volid: 8
frameid: 1680
name: 07008001680
num: 1
label: person
pos: 178.434040 188.842522 11.863691 24.875121
occl: 0
lock: 0
posv: 0.000000 0.000000 0.000000 0.000000
