setid: 7
volid: 7
frameid: 390
name: 07007000390
num: 1
label: person
pos: 442.471014 147.475845 72.000000 198.917874
occl: 0
lock: 0
posv: 0.000000 0.000000 0.000000 0.000000
