setid: 7
volid: 0
frameid: 270
name: 07000000270
num: 5
label: person
pos: 610.531854 156.269651 28.558494 127.461433
occl: 0
lock: 0
posv: 0.000000 0.000000 0.000000 0.000000
label: person
pos: 414.865646 186.227334 13.825243 33.922330
occl: 1
lock: 1
posv: 419.983359 186.227334 1.000000 33.922330
label: person
pos: 483.980868 172.498477 20.861270 68.063303
occl: 1
lock: 0
posv: 492.652374 172.498477 1.112142 68.063303
label: person
pos: 472.159141 174.839469 19.514619 63.593762
occl: 0
lock: 0
posv: 0.000000 0.000000 0.000000 0.000000
label: person
pos: 433.679802 172.487788 34.600800 68.032034
occl: 0
lock: 0
posv: 0.000000 0.000000 0.000000 0.000000
