setid: 7
volid: 7
frameid: 1080
name: 07007001080
num: 1
label: person
pos: 494.639038 144.729636 56.143996 113.965333
occl: 0
lock: 0
posv: 0.000000 0.000000 0.000000 0.000000
