setid: 7
volid: 3
frameid: 240
name: 07003000240
num: 1
label: person
pos: 311.895968 177.814661 39.639336 68.165145
occl: 1
lock: 0
posv: 312.759007 177.814661 34.150395 41.068861
