setid: 7
volid: 0
frameid: 210
name: 07000000210
num: 6
label: person
pos: 549.787017 169.173444 42.418332 96.045174
occl: 0
lock: 0
posv: 0.000000 0.000000 0.000000 0.000000
label: person
pos: 525.702261 171.973082 26.586617 95.063238
occl: 0
lock: 0
posv: 0.000000 0.000000 0.000000 0.000000
label: person
pos: 413.888270 185.982990 13.825243 35.844368
occl: 1
lock: 0
posv: 420.370823 187.905028 1.032316 33.922330
label: person
pos: 480.467143 173.376908 21.957834 69.761946
occl: 0
lock: 0
posv: 0.000000 0.000000 0.000000 0.000000
label: person
pos: 463.280924 175.498204 20.676236 71.870219
occl: 1
lock: 0
posv: 469.674684 175.498204 1.125035 71.032068
label: person
pos: 396.628384 181.684847 28.128688 55.145631
occl: 0
lock: 0
posv: 0.000000 0.000000 0.000000 0.000000
