setid: 7
volid: 6
frameid: 1110
name: 07006001110
num: 1
label: person
pos: 531.375675 177.103438 19.680307 51.060386
occl: 0
lock: 1
posv: 0.000000 0.000000 0.000000 0.000000
