setid: 7
volid: 4
frameid: 1830
name: 07004001830
num: 1
label: person
pos: 25.224955 189.792692 17.213725 33.745455
occl: 0
lock: 0
posv: 0.000000 0.000000 0.000000 0.000000
