setid: 7
volid: 9
frameid: 90
name: 07009000090
num: 1
label: person
pos: 438.864331 194.924382 12.980051 29.312077
occl: 0
lock: 0
posv: 0.000000 0.000000 0.000000 0.000000
