setid: 7
volid: 7
frameid: 240
name: 07007000240
num: 1
label: person
pos: 18.586957 115.128019 126.067633 267.439614
occl: 0
lock: 0
posv: 0.000000 0.000000 0.000000 0.000000
