setid: 7
volid: 3
frameid: 360
name: 07003000360
num: 1
label: person
pos: 300.346237 185.009208 28.635211 54.382043
occl: 0
lock: 0
posv: 0.000000 0.000000 0.000000 0.000000
