setid: 7
volid: 9
frameid: 1740
name: 07009001740
num: 1
label: person
pos: 330.112961 178.958930 14.240138 27.812114
occl: 0
lock: 0
posv: 0.000000 0.000000 0.000000 0.000000
