setid: 7
volid: 4
frameid: 600
name: 07004000600
num: 1
label: person
pos: 12.857324 186.065099 9.534502 37.056695
occl: 0
lock: 0
posv: 0.000000 0.000000 0.000000 0.000000
