setid: 7
volid: 0
frameid: 360
name: 07000000360
num: 4
label: person
pos: 397.672003 188.924866 11.244486 29.965471
occl: 0
lock: 0
posv: 0.000000 0.000000 0.000000 0.000000
label: person
pos: 488.137731 174.645288 22.080008 70.642041
occl: 1
lock: 1
posv: 488.863577 174.645288 1.118812 70.642041
label: person
pos: 470.607630 173.632850 22.754440 71.939937
occl: 1
lock: 0
posv: 477.344888 175.281365 1.113861 70.291422
label: person
pos: 459.056206 161.531903 60.614868 114.803751
occl: 0
lock: 0
posv: 0.000000 0.000000 0.000000 0.000000
