setid: 7
volid: 3
frameid: 1290
name: 07003001290
num: 5
label: person
pos: 440.290314 168.478380 32.665228 77.604818
occl: 1
lock: 0
posv: 440.290314 170.674332 32.665228 58.749242
label: person
pos: 383.936610 177.257224 17.628947 46.648269
occl: 1
lock: 0
posv: 385.297230 178.625723 15.051354 28.765446
label: people
pos: 500.491663 176.034296 28.621928 49.408926
occl: 1
lock: 1
posv: 500.491663 176.034296 28.621928 49.408926
label: person
pos: 484.673833 180.230020 11.529814 49.721883
occl: 1
lock: 1
posv: 489.250621 180.230020 0.792079 49.721883
label: person
pos: 359.213443 191.644137 16.635967 32.014689
occl: 0
lock: 0
posv: 0.000000 0.000000 0.000000 0.000000
