setid: 7
volid: 1
frameid: 750
name: 07001000750
num: 4
label: person
pos: 602.210059 186.844994 16.909094 51.724970
occl: 0
lock: 0
posv: 0.000000 0.000000 0.000000 0.000000
label: person
pos: 562.536484 183.312015 18.793877 55.773203
occl: 0
lock: 0
posv: 0.000000 0.000000 0.000000 0.000000
label: person
pos: 581.132087 176.500000 21.631377 64.077201
occl: 0
lock: 0
posv: 0.000000 0.000000 0.000000 0.000000
label: person
pos: 615.371300 183.794293 17.885125 52.324713
occl: 1
lock: 0
posv: 615.371300 183.794293 17.885125 52.324713
