setid: 7
volid: 2
frameid: 900
name: 07002000900
num: 1
label: person
pos: 438.410067 180.265425 15.595587 33.094026
occl: 1
lock: 0
posv: 442.702398 180.265425 10.559593 18.207345
