setid: 7
volid: 5
frameid: 1560
name: 07005001560
num: 4
label: person
pos: 542.197780 163.714767 51.888366 126.672147
occl: 0
lock: 1
posv: 0.000000 0.000000 0.000000 0.000000
label: person?
pos: 589.466731 173.428234 16.808165 45.170718
occl: 0
lock: 0
posv: 0.000000 0.000000 0.000000 0.000000
label: person?
pos: 483.250043 177.315937 14.668275 35.512666
occl: 1
lock: 0
posv: 483.250043 177.315937 14.668275 35.512666
label: person
pos: 161.017582 188.981875 8.867840 26.159902
occl: 0
lock: 0
posv: 0.000000 0.000000 0.000000 0.000000
