setid: 7
volid: 1
frameid: 960
name: 07001000960
num: 3
label: person
pos: 549.773811 179.797580 26.982195 63.082456
occl: 1
lock: 0
posv: 549.830796 180.194759 26.774648 22.003570
label: person
pos: 475.473350 182.405911 15.989256 46.977081
occl: 0
lock: 0
posv: 0.000000 0.000000 0.000000 0.000000
label: person
pos: 452.864334 184.653024 16.212304 38.565646
occl: 1
lock: 0
posv: 454.454664 186.492435 10.464754 14.300876
