setid: 7
volid: 5
frameid: 1920
name: 07005001920
num: 3
label: person
pos: 81.224521 194.292680 10.186222 24.238047
occl: 0
lock: 0
posv: 0.000000 0.000000 0.000000 0.000000
label: person
pos: 64.606014 191.419487 11.881013 31.635162
occl: 1
lock: 0
posv: 67.300973 191.419487 1.034378 31.635162
label: person
pos: 89.900483 195.447846 14.668275 31.909813
occl: 0
lock: 1
posv: 0.000000 0.000000 0.000000 0.000000
