setid: 7
volid: 3
frameid: 120
name: 07003000120
num: 3
label: person
pos: 53.044289 176.908720 16.984318 37.128228
occl: 1
lock: 0
posv: 54.947559 176.908720 12.265628 22.594352
label: person
pos: 419.294065 171.049720 23.345024 68.132740
occl: 0
lock: 0
posv: 0.000000 0.000000 0.000000 0.000000
label: person
pos: 216.950142 173.157133 33.200793 47.048293
occl: 1
lock: 0
posv: 219.772465 173.979942 25.796581 31.836569
