setid: 7
volid: 3
frameid: 1320
name: 07003001320
num: 7
label: person
pos: 478.962775 162.210463 40.523104 106.153834
occl: 1
lock: 0
posv: 478.962775 163.301783 38.452455 72.009414
label: person
pos: 386.424328 174.865927 21.917647 56.070260
occl: 1
lock: 0
posv: 386.574153 174.949064 20.251939 33.375401
label: person
pos: 553.999748 179.184585 20.070143 56.843117
occl: 1
lock: 0
posv: 553.999748 179.184585 20.070143 56.843117
label: person
pos: 59.957914 191.913393 11.090452 37.991222
occl: 1
lock: 0
posv: 70.048366 192.287719 1.000000 37.234416
label: person
pos: 55.245372 192.567176 12.280363 38.334638
occl: 1
lock: 0
posv: 55.811986 192.567176 1.000000 30.927196
label: person
pos: 68.854392 191.554782 12.668439 38.081897
occl: 1
lock: 0
posv: 78.978317 191.554782 1.000000 37.407891
label: person
pos: 350.412806 189.368654 17.190661 32.894105
occl: 0
lock: 0
posv: 0.000000 0.000000 0.000000 0.000000
