setid: 7
volid: 0
frameid: 420
name: 07000000420
num: 5
label: person
pos: 421.065198 184.428347 14.076859 35.843782
occl: 0
lock: 0
posv: 0.000000 0.000000 0.000000 0.000000
label: person
pos: 526.755378 170.787559 23.836570 78.535846
occl: 1
lock: 1
posv: 527.732771 170.787559 8.164596 78.535846
label: person
pos: 507.805810 172.238733 26.288844 81.985507
occl: 0
lock: 0
posv: 0.000000 0.000000 0.000000 0.000000
label: person
pos: 391.273272 183.700457 14.757282 37.281553
occl: 0
lock: 0
posv: 0.000000 0.000000 0.000000 0.000000
label: person
pos: 235.291790 141.792176 104.079394 201.938638
occl: 0
lock: 0
posv: 0.000000 0.000000 0.000000 0.000000
