setid: 7
volid: 3
frameid: 1590
name: 07003001590
num: 1
label: person
pos: 314.330879 164.607771 22.042947 39.895290
occl: 0
lock: 0
posv: 0.000000 0.000000 0.000000 0.000000
