setid: 7
volid: 0
frameid: 1320
name: 07000001320
num: 3
label: people
pos: 80.725585 195.357224 28.737864 37.281553
occl: 0
lock: 0
posv: 0.000000 0.000000 0.000000 0.000000
label: people
pos: 408.581468 184.966019 23.300971 33.398058
occl: 0
lock: 0
posv: 0.000000 0.000000 0.000000 0.000000
label: person
pos: 443.437940 181.781553 15.533981 38.834951
occl: 0
lock: 0
posv: 0.000000 0.000000 0.000000 0.000000
