setid: 7
volid: 3
frameid: 870
name: 07003000870
num: 1
label: person
pos: 322.660468 190.548610 16.310880 29.595887
occl: 0
lock: 0
posv: 0.000000 0.000000 0.000000 0.000000
