setid: 7
volid: 5
frameid: 1800
name: 07005001800
num: 7
label: person
pos: 6.623626 188.188309 14.048826 44.702405
occl: 0
lock: 0
posv: 0.000000 0.000000 0.000000 0.000000
label: person
pos: 608.148532 167.154793 26.587255 74.317225
occl: 0
lock: 0
posv: 0.000000 0.000000 0.000000 0.000000
label: person
pos: 29.302590 188.521310 19.659599 46.032412
occl: 1
lock: 0
posv: 29.302590 188.521310 19.659599 46.032412
label: person
pos: 585.304159 169.583848 23.114582 67.539686
occl: 0
lock: 0
posv: 0.000000 0.000000 0.000000 0.000000
label: person
pos: 112.577295 185.620773 15.458937 25.755948
occl: 1
lock: 0
posv: 125.616956 188.322480 1.000000 23.054241
label: person
pos: 98.093330 186.986920 14.750628 33.396983
occl: 1
lock: 0
posv: 105.621419 186.986920 1.000000 33.391045
label: person
pos: 147.384801 190.197846 14.668275 31.909813
occl: 0
lock: 0
posv: 0.000000 0.000000 0.000000 0.000000
