setid: 7
volid: 1
frameid: 450
name: 07001000450
num: 3
label: person
pos: 136.824511 174.222557 67.371508 165.751508
occl: 0
lock: 0
posv: 0.000000 0.000000 0.000000 0.000000
label: person
pos: 419.317853 125.855850 111.942099 307.261761
occl: 0
lock: 1
posv: 0.000000 0.000000 0.000000 0.000000
label: person
pos: 530.873945 164.456574 71.411339 265.572979
occl: 0
lock: 1
posv: 0.000000 0.000000 0.000000 0.000000
