setid: 7
volid: 1
frameid: 1020
name: 07001001020
num: 4
label: person
pos: 589.342742 169.102004 26.249379 75.570686
occl: 0
lock: 0
posv: 0.000000 0.000000 0.000000 0.000000
label: person
pos: 529.716083 177.936720 19.848074 51.965541
occl: 1
lock: 0
posv: 529.716083 178.173521 18.394293 21.626881
label: person
pos: 502.232207 187.266093 17.959049 47.907007
occl: 1
lock: 0
posv: 503.327064 187.266093 16.864192 45.414795
label: person
pos: 485.067752 180.746080 17.756333 47.140027
occl: 1
lock: 0
posv: 485.067752 180.746080 17.125854 25.476478
