setid: 7
volid: 9
frameid: 1770
name: 07009001770
num: 3
label: person
pos: 327.230125 181.946354 15.497937 31.413097
occl: 0
lock: 0
posv: 0.000000 0.000000 0.000000 0.000000
label: person?
pos: 141.706491 176.782710 10.048309 37.101449
occl: 1
lock: 0
posv: 145.379635 183.215765 1.079935 27.312334
label: person?
pos: 125.591442 181.781898 10.821256 33.236715
occl: 1
lock: 0
posv: 128.166251 182.201056 1.000000 30.190839
