setid: 7
volid: 2
frameid: 1110
name: 07002001110
num: 4
label: person
pos: 636.946161 166.632830 3.533066 117.853908
occl: 1
lock: 0
posv: 636.946161 167.120746 1.866990 117.365992
label: person
pos: 462.596795 180.360072 14.668275 38.600724
occl: 0
lock: 0
posv: 0.000000 0.000000 0.000000 0.000000
label: person
pos: 438.296854 179.896864 13.896261 32.428661
occl: 1
lock: 0
posv: 442.180514 180.902728 8.227221 17.667694
label: person
pos: 632.375743 166.770287 7.975730 127.299033
occl: 1
lock: 0
posv: 639.500000 166.772618 0.851472 127.296703
