setid: 7
volid: 8
frameid: 1020
name: 07008001020
num: 4
label: person
pos: 9.002415 177.118357 22.415459 54.879227
occl: 0
lock: 1
posv: 0.000000 0.000000 0.000000 0.000000
label: person
pos: 456.100644 182.245572 17.185559 32.879518
occl: 0
lock: 0
posv: 0.000000 0.000000 0.000000 0.000000
label: person
pos: 417.117850 183.665205 13.501279 28.855667
occl: 1
lock: 0
posv: 422.023448 184.197383 1.000000 28.323489
label: person
pos: 159.316214 182.001563 18.663045 40.663219
occl: 1
lock: 0
posv: 163.280443 182.354910 13.642773 19.102571
