setid: 7
volid: 9
frameid: 1680
name: 07009001680
num: 2
label: person
pos: 324.386787 170.419657 12.816960 22.132816
occl: 0
lock: 0
posv: 0.000000 0.000000 0.000000 0.000000
label: person
pos: 96.054005 165.854167 17.004831 33.829446
occl: 1
lock: 1
posv: 106.962361 165.854167 0.534653 33.829446
