setid: 7
volid: 3
frameid: 150
name: 07003000150
num: 2
label: person
pos: 450.044029 167.233829 29.336550 93.184144
occl: 0
lock: 0
posv: 0.000000 0.000000 0.000000 0.000000
label: person
pos: 289.019064 170.785226 40.915508 58.729314
occl: 1
lock: 0
posv: 291.303695 170.785226 32.515376 35.306041
