setid: 7
volid: 6
frameid: 1320
name: 07006001320
num: 1
label: person
pos: 61.025217 188.201986 13.947344 38.005980
occl: 1
lock: 0
posv: 69.278568 188.201986 1.000000 29.845175
