setid: 7
volid: 1
frameid: 1230
name: 07001001230
num: 2
label: person
pos: 541.492664 174.977130 19.623007 51.159546
occl: 0
lock: 0
posv: 0.000000 0.000000 0.000000 0.000000
label: person
pos: 604.643039 170.632690 23.770348 50.256354
occl: 1
lock: 0
posv: 604.643039 171.348093 14.157682 15.518359
