setid: 7
volid: 7
frameid: 1200
name: 07007001200
num: 1
label: person
pos: 6.683575 131.514493 52.056440 210.241546
occl: 1
lock: 1
posv: 6.683575 131.514493 52.056440 210.241546
