setid: 7
volid: 8
frameid: 390
name: 07008000390
num: 2
label: person
pos: 547.535651 163.837921 23.505749 60.259327
occl: 1
lock: 0
posv: 559.563039 163.837921 1.000000 18.265574
label: person
pos: 377.820489 171.448764 14.339272 25.507246
occl: 0
lock: 0
posv: 0.000000 0.000000 0.000000 0.000000
