setid: 7
volid: 8
frameid: 90
name: 07008000090
num: 2
label: person
pos: 442.780193 173.099034 15.768116 48.231884
occl: 0
lock: 0
posv: 0.000000 0.000000 0.000000 0.000000
label: person
pos: 177.661381 179.712475 16.231884 26.280193
occl: 0
lock: 0
posv: 0.000000 0.000000 0.000000 0.000000
