setid: 7
volid: 8
frameid: 1770
name: 07008001770
num: 1
label: person
pos: 130.705797 192.820773 14.685990 31.690821
occl: 0
lock: 0
posv: 0.000000 0.000000 0.000000 0.000000
