setid: 7
volid: 3
frameid: 1050
name: 07003001050
num: 2
label: person
pos: 95.168001 168.706547 9.619140 29.281954
occl: 1
lock: 0
posv: 95.168001 168.706547 9.619140 29.281954
label: person
pos: 304.084184 169.706149 13.418182 25.706909
occl: 0
lock: 0
posv: 0.000000 0.000000 0.000000 0.000000
