setid: 7
volid: 5
frameid: 540
name: 07005000540
num: 2
label: person
pos: 412.571077 178.524072 24.170935 58.357188
occl: 0
lock: 0
posv: 0.000000 0.000000 0.000000 0.000000
label: person
pos: 569.387139 170.137832 26.361139 68.060644
occl: 0
lock: 0
posv: 0.000000 0.000000 0.000000 0.000000
