setid: 7
volid: 9
frameid: 1080
name: 07009001080
num: 4
label: person
pos: 233.449034 192.040224 14.685990 30.917874
occl: 0
lock: 0
posv: 0.000000 0.000000 0.000000 0.000000
label: person
pos: 91.736147 190.054987 15.843604 26.489120
occl: 1
lock: 1
posv: 91.736147 190.054987 15.843604 26.489120
label: person
pos: 261.732925 189.033106 11.021476 27.666523
occl: 0
lock: 1
posv: 0.000000 0.000000 0.000000 0.000000
label: person?
pos: 458.603972 185.685901 13.832532 31.112477
occl: 1
lock: 0
posv: 466.062498 185.818471 1.000000 14.552405
