setid: 7
volid: 9
frameid: 600
name: 07009000600
num: 1
label: person
pos: 416.345411 180.983092 14.685990 30.917874
occl: 0
lock: 0
posv: 0.000000 0.000000 0.000000 0.000000
