setid: 7
volid: 2
frameid: 720
name: 07002000720
num: 3
label: person
pos: 48.287696 151.303900 29.447178 140.843868
occl: 1
lock: 0
posv: 60.780777 151.303900 1.057990 140.743170
label: person
pos: 34.289080 150.416649 65.453793 146.154885
occl: 0
lock: 0
posv: 0.000000 0.000000 0.000000 0.000000
label: person
pos: 443.296033 178.655264 12.666152 33.617202
occl: 0
lock: 0
posv: 0.000000 0.000000 0.000000 0.000000
