setid: 7
volid: 6
frameid: 330
name: 07006000330
num: 3
label: person
pos: 440.697433 170.965066 21.760870 60.849237
occl: 0
lock: 0
posv: 0.000000 0.000000 0.000000 0.000000
label: person
pos: 1.040267 189.836630 10.893777 34.470134
occl: 1
lock: 0
posv: 4.372864 189.836630 1.000000 34.470134
label: person
pos: 3.804027 189.186488 12.913821 33.396046
occl: 1
lock: 0
posv: 3.804027 189.186488 1.000000 33.396046
