setid: 7
volid: 9
frameid: 1350
name: 07009001350
num: 3
label: person
pos: 321.567945 194.640017 26.468484 36.509327
occl: 0
lock: 0
posv: 0.000000 0.000000 0.000000 0.000000
label: person?
pos: 463.873117 192.771936 14.241948 32.912997
occl: 1
lock: 1
posv: 463.873117 193.154156 10.987335 11.796625
label: person
pos: 352.283319 196.299901 11.594203 25.507246
occl: 0
lock: 0
posv: 0.000000 0.000000 0.000000 0.000000
