setid: 7
volid: 4
frameid: 570
name: 07004000570
num: 2
label: person
pos: 74.399402 174.256754 11.641988 26.896999
occl: 1
lock: 0
posv: 74.399402 174.256754 11.641988 26.896999
label: person
pos: 61.187987 177.580820 13.124246 37.056695
occl: 0
lock: 0
posv: 0.000000 0.000000 0.000000 0.000000
