setid: 7
volid: 4
frameid: 330
name: 07004000330
num: 1
label: person
pos: 107.028317 195.812425 12.804566 29.503039
occl: 0
lock: 0
posv: 0.000000 0.000000 0.000000 0.000000
