setid: 7
volid: 9
frameid: 750
name: 07009000750
num: 1
label: person-fa
pos: 353.809381 182.379966 10.270871 20.797556
occl: 0
lock: 0
posv: 0.000000 0.000000 0.000000 0.000000
