setid: 7
volid: 7
frameid: 300
name: 07007000300
num: 2
label: person
pos: 415.727053 117.568315 100.891731 256.010969
occl: 0
lock: 0
posv: 0.000000 0.000000 0.000000 0.000000
label: person
pos: 19.591787 153.079710 65.700483 204.057971
occl: 0
lock: 0
posv: 0.000000 0.000000 0.000000 0.000000
