setid: 7
volid: 2
frameid: 600
name: 07002000600
num: 3
label: people
pos: 163.009047 172.380106 24.089516 25.476478
occl: 0
lock: 0
posv: 0.000000 0.000000 0.000000 0.000000
label: person
pos: 453.234664 146.916913 44.832150 116.077490
occl: 0
lock: 0
posv: 0.000000 0.000000 0.000000 0.000000
label: person
pos: 488.202370 139.168607 43.429958 123.198282
occl: 0
lock: 0
posv: 0.000000 0.000000 0.000000 0.000000
