setid: 7
volid: 2
frameid: 1530
name: 07002001530
num: 2
label: person
pos: 541.700062 175.035102 19.829825 57.565059
occl: 1
lock: 0
posv: 553.596976 175.035102 1.000000 28.744809
label: person
pos: 438.275255 186.587774 13.896261 32.321031
occl: 1
lock: 0
posv: 441.015138 187.929206 8.163624 30.979599
