setid: 7
volid: 6
frameid: 1380
name: 07006001380
num: 1
label: person
pos: 58.706993 191.649543 14.615550 36.611420
occl: 1
lock: 0
posv: 66.895068 193.969765 1.000000 17.486547
