setid: 7
volid: 3
frameid: 1140
name: 07003001140
num: 3
label: person
pos: 372.044029 178.007665 12.253209 32.409804
occl: 0
lock: 0
posv: 0.000000 0.000000 0.000000 0.000000
label: person
pos: 358.978087 181.172193 11.446881 27.927273
occl: 0
lock: 0
posv: 0.000000 0.000000 0.000000 0.000000
label: person
pos: 310.592652 189.471418 11.622553 25.119783
occl: 0
lock: 0
posv: 0.000000 0.000000 0.000000 0.000000
