setid: 7
volid: 1
frameid: 1110
name: 07001001110
num: 2
label: people
pos: 460.509556 179.546793 22.388420 30.880579
occl: 0
lock: 0
posv: 0.000000 0.000000 0.000000 0.000000
label: person
pos: 511.062255 170.738447 19.917973 57.630881
occl: 0
lock: 0
posv: 0.000000 0.000000 0.000000 0.000000
