setid: 7
volid: 6
frameid: 1500
name: 07006001500
num: 2
label: person
pos: 122.754902 189.828218 16.026144 31.886047
occl: 0
lock: 0
posv: 0.000000 0.000000 0.000000 0.000000
label: person
pos: 50.295074 190.944167 15.562727 37.812447
occl: 0
lock: 0
posv: 0.000000 0.000000 0.000000 0.000000
