setid: 7
volid: 5
frameid: 2040
name: 07005002040
num: 3
label: person
pos: 43.248147 194.473605 14.416312 31.635162
occl: 1
lock: 1
posv: 43.248147 194.473605 12.033592 20.384225
label: person
pos: 54.825968 196.948559 13.334138 31.909813
occl: 0
lock: 0
posv: 0.000000 0.000000 0.000000 0.000000
label: person
pos: 150.838164 190.258454 14.685990 27.053140
occl: 0
lock: 0
posv: 0.000000 0.000000 0.000000 0.000000
