setid: 7
volid: 2
frameid: 90
name: 07002000090
num: 1
label: person
pos: 351.305968 156.633435 30.877989 82.399737
occl: 0
lock: 0
posv: 0.000000 0.000000 0.000000 0.000000
