setid: 7
volid: 5
frameid: 210
name: 07005000210
num: 1
label: person
pos: 375.618820 188.049174 16.577927 32.333969
occl: 0
lock: 0
posv: 0.000000 0.000000 0.000000 0.000000
