setid: 7
volid: 2
frameid: 510
name: 07002000510
num: 1
label: person
pos: 514.975899 168.929392 20.728713 63.095145
occl: 0
lock: 0
posv: 0.000000 0.000000 0.000000 0.000000
