setid: 7
volid: 1
frameid: 1740
name: 07001001740
num: 5
label: person
pos: 409.077762 177.340890 19.766598 40.144753
occl: 0
lock: 0
posv: 0.000000 0.000000 0.000000 0.000000
label: people
pos: 571.353237 160.760997 59.289455 72.864649
occl: 0
lock: 0
posv: 0.000000 0.000000 0.000000 0.000000
label: person
pos: 468.682566 174.270128 17.463202 42.155593
occl: 1
lock: 1
posv: 475.480182 174.270128 0.485149 30.655944
label: person
pos: 502.823383 177.454261 20.724669 27.239526
occl: 0
lock: 1
posv: 0.000000 0.000000 0.000000 0.000000
label: person
pos: 530.101396 168.031044 21.670038 60.250423
occl: 0
lock: 0
posv: 0.000000 0.000000 0.000000 0.000000
