setid: 7
volid: 1
frameid: 600
name: 07001000600
num: 3
label: person
pos: 199.547773 190.434085 19.300362 34.740651
occl: 0
lock: 0
posv: 0.000000 0.000000 0.000000 0.000000
label: person
pos: 90.362485 194.565139 21.616405 44.236429
occl: 0
lock: 0
posv: 0.000000 0.000000 0.000000 0.000000
label: person?
pos: 22.193607 204.060917 26.248492 39.372738
occl: 0
lock: 0
posv: 0.000000 0.000000 0.000000 0.000000
