setid: 7
volid: 4
frameid: 300
name: 07004000300
num: 2
label: person
pos: 525.328041 177.440676 36.086236 97.234382
occl: 0
lock: 0
posv: 0.000000 0.000000 0.000000 0.000000
label: person
pos: 141.811656 197.409506 11.084002 20.470470
occl: 1
lock: 0
posv: 143.396561 197.409506 9.499096 12.984410
