setid: 7
volid: 6
frameid: 780
name: 07006000780
num: 2
label: person
pos: 545.481529 162.409776 22.384768 53.407094
occl: 0
lock: 1
posv: 0.000000 0.000000 0.000000 0.000000
label: person
pos: 194.273946 162.916028 13.553697 28.159107
occl: 1
lock: 0
posv: 201.024151 164.928064 1.000000 24.179933
