setid: 7
volid: 3
frameid: 60
name: 07003000060
num: 3
label: person-fa
pos: 63.696187 168.117181 18.528347 45.548854
occl: 0
lock: 0
posv: 0.000000 0.000000 0.000000 0.000000
label: person
pos: 103.726265 171.359605 16.984318 34.900392
occl: 1
lock: 0
posv: 106.178204 171.720739 12.182370 13.601822
label: person
pos: 128.359179 179.022607 19.674711 31.895853
occl: 0
lock: 0
posv: 0.000000 0.000000 0.000000 0.000000
