setid: 7
volid: 2
frameid: 240
name: 07002000240
num: 3
label: people
pos: 439.197226 191.747286 41.688782 40.144753
occl: 0
lock: 0
posv: 0.000000 0.000000 0.000000 0.000000
label: people
pos: 73.799397 201.513269 23.932449 42.460796
occl: 0
lock: 0
posv: 0.000000 0.000000 0.000000 0.000000
label: person
pos: 107.796334 204.110962 12.868265 34.754229
occl: 0
lock: 1
posv: 0.000000 0.000000 0.000000 0.000000
