setid: 7
volid: 5
frameid: 1860
name: 07005001860
num: 4
label: person
pos: 607.810679 169.238215 24.754356 78.106152
occl: 0
lock: 0
posv: 0.000000 0.000000 0.000000 0.000000
label: person
pos: 101.989628 191.431799 15.458937 26.563782
occl: 1
lock: 0
posv: 114.349177 191.431799 1.000000 26.563782
label: person
pos: 77.398120 193.208033 13.688332 29.273060
occl: 0
lock: 0
posv: 0.000000 0.000000 0.000000 0.000000
label: person
pos: 112.620627 195.719861 14.668275 31.909813
occl: 0
lock: 0
posv: 0.000000 0.000000 0.000000 0.000000
