setid: 7
volid: 0
frameid: 930
name: 07000000930
num: 2
label: people
pos: 29.115267 184.577670 221.093470 108.737864
occl: 0
lock: 0
posv: 0.000000 0.000000 0.000000 0.000000
label: person
pos: 17.033600 187.532172 28.908814 93.172247
occl: 0
lock: 1
posv: 0.000000 0.000000 0.000000 0.000000
