setid: 7
volid: 3
frameid: 660
name: 07003000660
num: 4
label: person
pos: 487.790224 174.884025 13.390172 43.664807
occl: 1
lock: 0
posv: 487.790224 174.884025 13.390172 43.664807
label: person
pos: 470.805695 175.112408 10.663927 40.302065
occl: 1
lock: 1
posv: 473.313261 175.112408 0.633663 40.302065
label: person
pos: 456.733116 175.071432 14.159338 40.494266
occl: 0
lock: 0
posv: 0.000000 0.000000 0.000000 0.000000
label: person
pos: 318.497133 180.491283 18.737777 39.046064
occl: 0
lock: 0
posv: 0.000000 0.000000 0.000000 0.000000
