setid: 7
volid: 8
frameid: 570
name: 07008000570
num: 3
label: person
pos: 397.184320 185.691235 17.159665 41.781302
occl: 1
lock: 0
posv: 407.906990 185.691235 1.000000 19.771424
label: person
pos: 12.939116 191.609396 12.481196 32.791429
occl: 1
lock: 0
posv: 16.520031 191.609396 1.000000 25.726372
label: person
pos: 403.952117 184.956664 26.615516 63.659278
occl: 0
lock: 0
posv: 0.000000 0.000000 0.000000 0.000000
