setid: 7
volid: 9
frameid: 210
name: 07009000210
num: 2
label: person
pos: 552.472506 163.716539 25.786658 62.473280
occl: 0
lock: 0
posv: 0.000000 0.000000 0.000000 0.000000
label: person
pos: 517.833333 164.253481 47.463626 60.632992
occl: 0
lock: 0
posv: 0.000000 0.000000 0.000000 0.000000
