setid: 7
volid: 4
frameid: 660
name: 07004000660
num: 1
label: person
pos: 89.999675 190.952660 18.562256 43.902008
occl: 0
lock: 0
posv: 0.000000 0.000000 0.000000 0.000000
