setid: 7
volid: 3
frameid: 600
name: 07003000600
num: 6
label: person?
pos: 57.518182 174.560606 15.515152 31.030303
occl: 0
lock: 1
posv: 0.000000 0.000000 0.000000 0.000000
label: person
pos: 95.104746 171.306513 20.487758 40.013189
occl: 0
lock: 0
posv: 0.000000 0.000000 0.000000 0.000000
label: person
pos: 439.100028 167.323241 8.492159 27.020507
occl: 1
lock: 0
posv: 441.605294 169.606747 1.000000 24.363424
label: person
pos: 436.363197 170.007076 0.463212 24.287701
occl: 1
lock: 1
posv: 436.363197 170.007076 0.463212 24.287701
label: person
pos: 417.670919 168.112975 11.166278 28.768208
occl: 1
lock: 0
posv: 425.536173 171.176603 2.423635 23.959041
label: person
pos: 305.242502 167.998049 18.121998 40.893085
occl: 0
lock: 0
posv: 0.000000 0.000000 0.000000 0.000000
