setid: 7
volid: 6
frameid: 1770
name: 07006001770
num: 1
label: person
pos: 526.580428 168.276016 20.795205 63.217311
occl: 0
lock: 0
posv: 0.000000 0.000000 0.000000 0.000000
