setid: 7
volid: 3
frameid: 690
name: 07003000690
num: 4
label: person
pos: 543.558893 174.110740 17.216496 54.013644
occl: 0
lock: 0
posv: 0.000000 0.000000 0.000000 0.000000
label: person
pos: 508.161546 175.730020 19.798576 52.674310
occl: 0
lock: 0
posv: 0.000000 0.000000 0.000000 0.000000
label: person
pos: 492.926381 176.556399 17.842424 51.068243
occl: 0
lock: 0
posv: 0.000000 0.000000 0.000000 0.000000
label: person
pos: 324.151717 186.564518 18.860890 33.691966
occl: 0
lock: 0
posv: 0.000000 0.000000 0.000000 0.000000
