setid: 7
volid: 5
frameid: 1380
name: 07005001380
num: 2
label: person
pos: 417.881212 179.402598 26.776783 62.338113
occl: 0
lock: 0
posv: 0.000000 0.000000 0.000000 0.000000
label: person
pos: 489.610031 180.654534 15.523249 39.683915
occl: 1
lock: 0
posv: 489.610031 180.654534 14.656002 14.104814
