setid: 7
volid: 7
frameid: 1020
name: 07007001020
num: 1
label: person
pos: 464.998120 154.848202 22.420332 73.471960
occl: 1
lock: 0
posv: 465.814471 154.848202 16.271158 33.278549
