setid: 7
volid: 3
frameid: 1470
name: 07003001470
num: 4
label: people
pos: 63.761397 183.570774 49.903938 34.980259
occl: 0
lock: 0
posv: 0.000000 0.000000 0.000000 0.000000
label: person
pos: 461.933990 140.009362 48.776434 130.732965
occl: 1
lock: 0
posv: 461.933990 140.009362 48.341577 100.588000
label: person
pos: 421.695570 178.218075 14.668275 40.916767
occl: 1
lock: 0
posv: 424.015976 178.482615 9.820413 38.073856
label: person
pos: 333.806616 184.196445 16.778576 35.105336
occl: 0
lock: 0
posv: 0.000000 0.000000 0.000000 0.000000
