setid: 7
volid: 3
frameid: 1620
name: 07003001620
num: 1
label: person
pos: 333.418024 160.065041 25.902205 49.471605
occl: 0
lock: 0
posv: 0.000000 0.000000 0.000000 0.000000
