setid: 7
volid: 6
frameid: 1080
name: 07006001080
num: 3
label: person
pos: 18.410202 183.354078 15.326513 43.232879
occl: 0
lock: 0
posv: 0.000000 0.000000 0.000000 0.000000
label: person
pos: 603.620773 176.516908 15.590821 46.205314
occl: 0
lock: 0
posv: 0.000000 0.000000 0.000000 0.000000
label: person
pos: 501.608175 178.082262 15.242967 47.932350
occl: 1
lock: 0
posv: 511.391957 178.082262 1.000000 47.901816
