setid: 7
volid: 9
frameid: 780
name: 07009000780
num: 1
label: person-fa
pos: 348.584547 180.234084 11.594203 23.961353
occl: 0
lock: 0
posv: 0.000000 0.000000 0.000000 0.000000
