setid: 7
volid: 3
frameid: 750
name: 07003000750
num: 1
label: person
pos: 332.125799 191.951995 16.897603 31.023011
occl: 0
lock: 0
posv: 0.000000 0.000000 0.000000 0.000000
