setid: 7
volid: 8
frameid: 1710
name: 07008001710
num: 1
label: person
pos: 168.398409 188.575684 10.876448 29.948909
occl: 0
lock: 0
posv: 0.000000 0.000000 0.000000 0.000000
