setid: 7
volid: 3
frameid: 1020
name: 07003001020
num: 2
label: person
pos: 3.793405 183.869697 17.369697 37.236364
occl: 0
lock: 1
posv: 0.000000 0.000000 0.000000 0.000000
label: person
pos: 312.103482 178.757948 13.302070 26.370550
occl: 0
lock: 0
posv: 0.000000 0.000000 0.000000 0.000000
