setid: 7
volid: 0
frameid: 120
name: 07000000120
num: 6
label: person
pos: 503.024272 170.208738 27.717799 83.558804
occl: 0
lock: 0
posv: 0.000000 0.000000 0.000000 0.000000
label: person
pos: 470.549971 174.547592 20.042642 70.113745
occl: 0
lock: 0
posv: 0.000000 0.000000 0.000000 0.000000
label: person
pos: 412.927184 185.742718 11.650485 31.844660
occl: 1
lock: 0
posv: 412.927184 185.742718 11.650485 31.844660
label: person
pos: 504.045725 172.469065 21.957834 72.409000
occl: 1
lock: 0
posv: 505.900689 172.469065 1.160221 72.409000
label: person
pos: 483.413872 174.077247 23.011580 76.060315
occl: 1
lock: 0
posv: 500.131905 174.077247 1.200377 76.009926
label: person
pos: 433.895774 175.645631 21.747573 55.145631
occl: 0
lock: 0
posv: 0.000000 0.000000 0.000000 0.000000
