setid: 7
volid: 9
frameid: 150
name: 07009000150
num: 5
label: person
pos: 21.692995 207.909150 13.569729 32.300703
occl: 0
lock: 0
posv: 0.000000 0.000000 0.000000 0.000000
label: person
pos: 7.931493 209.955321 14.092754 32.814322
occl: 0
lock: 0
posv: 0.000000 0.000000 0.000000 0.000000
label: person
pos: 485.220801 179.687127 15.626598 37.390480
occl: 0
lock: 0
posv: 0.000000 0.000000 0.000000 0.000000
label: person
pos: 257.018689 189.625788 20.245374 36.714867
occl: 0
lock: 0
posv: 0.000000 0.000000 0.000000 0.000000
label: person
pos: 569.580687 179.005191 30.466556 57.094570
occl: 0
lock: 0
posv: 0.000000 0.000000 0.000000 0.000000
