setid: 7
volid: 4
frameid: 1170
name: 07004001170
num: 1
label: person
pos: 101.643083 186.656402 15.628667 40.508527
occl: 0
lock: 0
posv: 0.000000 0.000000 0.000000 0.000000
