setid: 7
volid: 8
frameid: 1320
name: 07008001320
num: 4
label: person
pos: 475.132289 180.694402 38.555236 73.943592
occl: 0
lock: 0
posv: 0.000000 0.000000 0.000000 0.000000
label: person
pos: 146.086514 188.215708 11.635498 34.428785
occl: 0
lock: 0
posv: 0.000000 0.000000 0.000000 0.000000
label: person
pos: 134.442513 187.173792 15.031132 37.380464
occl: 0
lock: 0
posv: 0.000000 0.000000 0.000000 0.000000
label: person
pos: 576.127252 185.821398 43.223806 72.182722
occl: 0
lock: 0
posv: 0.000000 0.000000 0.000000 0.000000
