setid: 7
volid: 2
frameid: 1410
name: 07002001410
num: 4
label: person
pos: 542.758065 173.125210 25.873635 61.528262
occl: 0
lock: 0
posv: 0.000000 0.000000 0.000000 0.000000
label: person
pos: 496.658515 179.529841 17.667069 44.819001
occl: 0
lock: 0
posv: 0.000000 0.000000 0.000000 0.000000
label: person
pos: 437.846200 180.651766 13.896261 34.361966
occl: 1
lock: 0
posv: 442.396200 181.294170 8.180739 18.979942
label: person
pos: 570.293188 175.067338 23.445154 60.450024
occl: 0
lock: 0
posv: 0.000000 0.000000 0.000000 0.000000
