setid: 7
volid: 4
frameid: 1020
name: 07004001020
num: 2
label: person
pos: 221.998730 182.658003 13.896261 27.020507
occl: 0
lock: 0
posv: 0.000000 0.000000 0.000000 0.000000
label: person
pos: 153.479900 180.980701 15.770878 28.656617
occl: 1
lock: 0
posv: 153.479900 180.980701 15.440290 16.059416
