setid: 7
volid: 4
frameid: 900
name: 07004000900
num: 1
label: person
pos: 240.492857 174.890016 13.896261 27.020507
occl: 0
lock: 0
posv: 0.000000 0.000000 0.000000 0.000000
