setid: 7
volid: 2
frameid: 1680
name: 07002001680
num: 1
label: people
pos: 142.718312 183.014156 27.792521 32.424608
occl: 0
lock: 0
posv: 0.000000 0.000000 0.000000 0.000000
