setid: 7
volid: 1
frameid: 1710
name: 07001001710
num: 4
label: person
pos: 456.889527 175.207557 16.212304 40.144753
occl: 0
lock: 0
posv: 0.000000 0.000000 0.000000 0.000000
label: person
pos: 511.092471 177.314314 17.463202 34.560067
occl: 1
lock: 0
posv: 518.039075 178.431448 10.381966 25.882721
label: person
pos: 526.597025 178.666560 19.300362 38.299203
occl: 0
lock: 0
posv: 0.000000 0.000000 0.000000 0.000000
label: person
pos: 570.508983 168.196504 20.844391 57.129071
occl: 0
lock: 0
posv: 0.000000 0.000000 0.000000 0.000000
