setid: 7
volid: 9
frameid: 810
name: 07009000810
num: 2
label: person-fa
pos: 344.779446 177.635915 12.034685 24.398863
occl: 1
lock: 0
posv: 347.470537 177.635915 1.000000 24.398863
label: person?
pos: 393.766774 171.762077 11.033967 24.106797
occl: 1
lock: 0
posv: 394.055556 171.762077 10.745186 13.482990
