setid: 7
volid: 2
frameid: 1290
name: 07002001290
num: 4
label: person
pos: 578.310122 163.089933 32.151496 78.419448
occl: 0
lock: 0
posv: 0.000000 0.000000 0.000000 0.000000
label: person
pos: 482.645349 179.901313 13.792981 38.600724
occl: 1
lock: 0
posv: 492.978818 179.901313 1.000000 38.600724
label: person
pos: 437.846200 179.896864 13.896261 32.738839
occl: 1
lock: 1
posv: 442.252894 180.571512 8.623679 19.294424
label: person
pos: 628.512083 165.191572 2.122990 85.996554
occl: 1
lock: 0
posv: 629.412116 165.191572 1.222957 69.171412
