setid: 7
volid: 3
frameid: 1260
name: 07003001260
num: 5
label: person
pos: 417.310595 175.706792 24.308680 62.260090
occl: 1
lock: 0
posv: 417.959537 177.772371 22.327451 43.820499
label: person
pos: 380.679473 180.552585 17.132320 41.750323
occl: 1
lock: 0
posv: 380.679473 180.552585 13.884341 27.817469
label: people
pos: 474.932839 176.808806 21.678061 49.408926
occl: 1
lock: 0
posv: 478.951651 180.204535 17.659249 40.013017
label: person
pos: 458.320892 182.984922 14.668275 39.734277
occl: 1
lock: 0
posv: 458.320892 182.984922 14.668275 39.734277
label: person
pos: 361.278430 191.461183 15.869001 28.203885
occl: 0
lock: 0
posv: 0.000000 0.000000 0.000000 0.000000
