setid: 7
volid: 6
frameid: 1260
name: 07006001260
num: 2
label: person
pos: 112.287566 179.575614 15.230839 17.860143
occl: 1
lock: 0
posv: 112.287566 179.575614 15.230839 17.860143
label: person
pos: 64.851008 181.666451 13.610117 32.158266
occl: 1
lock: 0
posv: 68.475753 182.181480 1.000000 25.114566
