setid: 7
volid: 8
frameid: 900
name: 07008000900
num: 4
label: person
pos: 235.958681 192.924268 15.458937 36.328502
occl: 0
lock: 0
posv: 0.000000 0.000000 0.000000 0.000000
label: person
pos: 94.331675 186.022808 17.978789 45.758145
occl: 1
lock: 0
posv: 94.941328 186.330387 16.368162 27.361529
label: person
pos: 298.497585 190.209890 15.458937 23.286558
occl: 1
lock: 0
posv: 306.569293 190.209890 1.000000 23.188406
label: people
pos: 575.984702 176.242351 44.057971 44.057971
occl: 0
lock: 0
posv: 0.000000 0.000000 0.000000 0.000000
