setid: 7
volid: 3
frameid: 840
name: 07003000840
num: 1
label: person
pos: 317.448048 191.142065 15.710550 28.756842
occl: 0
lock: 0
posv: 0.000000 0.000000 0.000000 0.000000
