setid: 7
volid: 1
frameid: 1470
name: 07001001470
num: 1
label: person
pos: 380.187966 186.506705 18.528347 30.502718
occl: 1
lock: 1
posv: 383.872931 186.506705 14.843382 30.502718
