setid: 7
volid: 5
frameid: 1260
name: 07005001260
num: 1
label: person
pos: 379.572978 178.238641 19.401982 36.128887
occl: 0
lock: 0
posv: 0.000000 0.000000 0.000000 0.000000
