setid: 7
volid: 5
frameid: 1620
name: 07005001620
num: 4
label: person
pos: 195.632580 185.501231 17.756333 33.196622
occl: 0
lock: 0
posv: 0.000000 0.000000 0.000000 0.000000
label: person
pos: 547.208256 167.671228 45.808707 116.098562
occl: 0
lock: 0
posv: 0.000000 0.000000 0.000000 0.000000
label: person
pos: 492.011322 176.720162 16.984318 44.858376
occl: 0
lock: 0
posv: 0.000000 0.000000 0.000000 0.000000
label: person
pos: 220.283958 188.658483 13.862466 25.068784
occl: 0
lock: 0
posv: 0.000000 0.000000 0.000000 0.000000
