setid: 7
volid: 6
frameid: 1680
name: 07006001680
num: 3
label: person?
pos: 531.084683 187.553424 14.832651 41.739130
occl: 0
lock: 0
posv: 0.000000 0.000000 0.000000 0.000000
label: person
pos: 444.843109 183.921313 16.629753 38.757232
occl: 0
lock: 0
posv: 0.000000 0.000000 0.000000 0.000000
label: person
pos: 91.322703 191.727701 15.458937 34.780587
occl: 1
lock: 0
posv: 101.091635 191.727701 1.000000 19.964953
