setid: 7
volid: 5
frameid: 870
name: 07005000870
num: 1
label: person
pos: 389.840329 187.065912 15.447645 33.033946
occl: 0
lock: 0
posv: 0.000000 0.000000 0.000000 0.000000
