setid: 7
volid: 4
frameid: 960
name: 07004000960
num: 1
label: person
pos: 235.868338 185.777611 13.896261 27.020507
occl: 0
lock: 0
posv: 0.000000 0.000000 0.000000 0.000000
