setid: 7
volid: 8
frameid: 480
name: 07008000480
num: 2
label: people
pos: 16.731884 187.166667 37.642512 36.328502
occl: 0
lock: 0
posv: 0.000000 0.000000 0.000000 0.000000
label: person
pos: 367.809605 184.261012 17.054711 31.867008
occl: 1
lock: 0
posv: 374.097536 184.792392 10.766780 28.198298
