setid: 7
volid: 5
frameid: 660
name: 07005000660
num: 1
label: person
pos: 397.274575 178.929881 19.218993 46.509466
occl: 1
lock: 0
posv: 401.678623 178.931215 12.230872 46.502423
