setid: 7
volid: 2
frameid: 150
name: 07002000150
num: 3
label: person
pos: 433.849326 119.428113 68.846662 189.440223
occl: 1
lock: 0
posv: 436.559509 119.679735 65.878569 143.337354
label: person
pos: 121.860676 170.398597 29.336550 71.859076
occl: 1
lock: 0
posv: 122.092280 170.569987 28.859305 26.936311
label: person
pos: 571.708264 171.358163 22.649858 48.806047
occl: 1
lock: 0
posv: 573.915587 171.358163 15.978688 47.933264
