setid: 7
volid: 5
frameid: 240
name: 07005000240
num: 1
label: person
pos: 380.145355 186.707252 14.607939 32.437974
occl: 0
lock: 0
posv: 0.000000 0.000000 0.000000 0.000000
