setid: 7
volid: 5
frameid: 2160
name: 07005002160
num: 3
label: person
pos: 21.874379 195.382696 10.267352 32.976371
occl: 1
lock: 0
posv: 21.874379 195.382696 10.267352 32.976371
label: person
pos: 31.619640 195.675832 9.621349 36.954907
occl: 0
lock: 0
posv: 0.000000 0.000000 0.000000 0.000000
label: person
pos: 140.403382 192.577295 14.685990 27.053140
occl: 0
lock: 1
posv: 0.000000 0.000000 0.000000 0.000000
