setid: 7
volid: 8
frameid: 120
name: 07008000120
num: 2
label: person
pos: 468.103183 177.819523 25.156294 65.650526
occl: 0
lock: 0
posv: 0.000000 0.000000 0.000000 0.000000
label: person
pos: 160.984910 185.271299 14.292413 26.280193
occl: 0
lock: 0
posv: 0.000000 0.000000 0.000000 0.000000
