setid: 7
volid: 8
frameid: 780
name: 07008000780
num: 6
label: person
pos: 618.796988 160.246154 19.120716 65.520405
occl: 1
lock: 0
posv: 620.410440 160.246154 16.507149 31.882087
label: person
pos: 81.251463 173.456891 17.919722 41.479255
occl: 0
lock: 0
posv: 0.000000 0.000000 0.000000 0.000000
label: person
pos: 289.016421 178.120161 9.712465 20.667119
occl: 0
lock: 0
posv: 0.000000 0.000000 0.000000 0.000000
label: people
pos: 510.026570 165.524155 44.057971 40.193237
occl: 0
lock: 0
posv: 0.000000 0.000000 0.000000 0.000000
label: person
pos: 81.594606 174.547684 15.390333 39.148847
occl: 1
lock: 0
posv: 88.869796 174.547684 1.000000 36.867187
label: person
pos: 17.586033 176.676897 18.099475 40.691141
occl: 0
lock: 0
posv: 0.000000 0.000000 0.000000 0.000000
