setid: 7
volid: 9
frameid: 1380
name: 07009001380
num: 3
label: person
pos: 324.442681 196.776551 24.135829 33.032983
occl: 0
lock: 0
posv: 0.000000 0.000000 0.000000 0.000000
label: person?
pos: 469.838319 193.009847 13.619013 34.763744
occl: 1
lock: 0
posv: 469.838319 193.009847 11.104557 12.913960
label: person
pos: 340.957673 199.286729 9.491821 25.507246
occl: 0
lock: 0
posv: 0.000000 0.000000 0.000000 0.000000
