setid: 7
volid: 0
frameid: 480
name: 07000000480
num: 5
label: people
pos: 113.121359 195.839806 31.844660 31.067961
occl: 0
lock: 1
posv: 0.000000 0.000000 0.000000 0.000000
label: person
pos: 585.537855 175.955207 31.185454 91.795879
occl: 0
lock: 0
posv: 0.000000 0.000000 0.000000 0.000000
label: person
pos: 550.954271 178.077948 30.775094 91.080989
occl: 0
lock: 0
posv: 0.000000 0.000000 0.000000 0.000000
label: person
pos: 436.939749 191.036836 16.383781 42.604226
occl: 0
lock: 0
posv: 0.000000 0.000000 0.000000 0.000000
label: person
pos: 76.900698 197.877996 17.754600 27.890902
occl: 1
lock: 1
posv: 76.900698 207.199107 13.369393 0.207921
