setid: 7
volid: 2
frameid: 480
name: 07002000480
num: 1
label: person
pos: 468.379373 169.379775 20.072376 51.858464
occl: 0
lock: 1
posv: 0.000000 0.000000 0.000000 0.000000
