setid: 7
volid: 5
frameid: 1230
name: 07005001230
num: 1
label: person
pos: 374.305622 172.880516 18.545837 36.492350
occl: 0
lock: 0
posv: 0.000000 0.000000 0.000000 0.000000
