setid: 7
volid: 6
frameid: 960
name: 07006000960
num: 2
label: person
pos: 205.561736 188.009449 13.140097 24.624112
occl: 0
lock: 1
posv: 0.000000 0.000000 0.000000 0.000000
label: person
pos: 422.931337 180.793442 10.239754 28.174520
occl: 0
lock: 0
posv: 0.000000 0.000000 0.000000 0.000000
