setid: 7
volid: 5
frameid: 1530
name: 07005001530
num: 5
label: person
pos: 513.347861 164.319527 49.787107 118.674819
occl: 0
lock: 0
posv: 0.000000 0.000000 0.000000 0.000000
label: person
pos: 599.301365 171.548624 19.097427 60.825587
occl: 0
lock: 0
posv: 0.000000 0.000000 0.000000 0.000000
label: person?
pos: 559.392034 172.633089 14.751015 40.144753
occl: 0
lock: 0
posv: 0.000000 0.000000 0.000000 0.000000
label: person?
pos: 465.638721 178.352835 14.668275 35.512666
occl: 1
lock: 0
posv: 467.696572 179.614801 9.791138 33.001792
label: person
pos: 186.809955 184.977790 16.096786 26.159902
occl: 0
lock: 0
posv: 0.000000 0.000000 0.000000 0.000000
