setid: 7
volid: 0
frameid: 570
name: 07000000570
num: 4
label: people
pos: 74.892597 194.893811 42.910801 31.067961
occl: 0
lock: 0
posv: 0.000000 0.000000 0.000000 0.000000
label: person
pos: 460.956252 184.085106 19.038619 50.584688
occl: 0
lock: 0
posv: 0.000000 0.000000 0.000000 0.000000
label: person
pos: 44.251181 194.823260 13.983031 33.680909
occl: 0
lock: 0
posv: 0.000000 0.000000 0.000000 0.000000
label: person
pos: 590.618617 168.054479 40.605861 110.325743
occl: 0
lock: 0
posv: 0.000000 0.000000 0.000000 0.000000
