setid: 7
volid: 1
frameid: 1590
name: 07001001590
num: 1
label: person
pos: 409.822654 182.315937 20.406431 34.949029
occl: 1
lock: 0
posv: 411.868095 182.315937 16.184690 34.949029
