setid: 7
volid: 1
frameid: 390
name: 07001000390
num: 1
label: person
pos: 240.197249 163.105549 103.835947 193.814234
occl: 0
lock: 0
posv: 0.000000 0.000000 0.000000 0.000000
