setid: 7
volid: 9
frameid: 1020
name: 07009001020
num: 3
label: person
pos: 81.124066 184.152913 16.830065 38.975561
occl: 0
lock: 0
posv: 0.000000 0.000000 0.000000 0.000000
label: person
pos: 303.252828 181.002188 11.918592 30.144928
occl: 0
lock: 0
posv: 0.000000 0.000000 0.000000 0.000000
label: person?
pos: 458.730170 178.773372 13.544235 30.708857
occl: 1
lock: 0
posv: 465.950685 178.773372 1.000000 16.063890
