setid: 7
volid: 0
frameid: 1380
name: 07000001380
num: 7
label: people
pos: 377.441253 186.040986 38.058252 32.621359
occl: 0
lock: 0
posv: 0.000000 0.000000 0.000000 0.000000
label: people
pos: 438.558252 181.602132 48.077670 38.548353
occl: 0
lock: 0
posv: 0.000000 0.000000 0.000000 0.000000
label: person
pos: 425.766990 188.349515 13.980583 32.922330
occl: 1
lock: 1
posv: 425.951396 188.349515 12.975512 32.518204
label: person
pos: 554.949362 169.432039 24.854369 63.737750
occl: 0
lock: 0
posv: 0.000000 0.000000 0.000000 0.000000
label: person
pos: 522.620388 179.882753 16.532339 49.585808
occl: 0
lock: 0
posv: 0.000000 0.000000 0.000000 0.000000
label: person
pos: 503.848823 178.831239 15.533981 50.239916
occl: 1
lock: 1
posv: 515.634603 179.057926 1.000000 50.013230
label: person
pos: 450.208738 177.975728 16.310680 45.825243
occl: 0
lock: 1
posv: 0.000000 0.000000 0.000000 0.000000
