setid: 7
volid: 9
frameid: 1830
name: 07009001830
num: 1
label: person
pos: 333.470055 184.748247 18.435437 38.691979
occl: 0
lock: 1
posv: 0.000000 0.000000 0.000000 0.000000
