setid: 7
volid: 2
frameid: 1170
name: 07002001170
num: 4
label: person
pos: 636.336381 166.998686 2.095162 108.695855
occl: 1
lock: 0
posv: 636.798497 167.120746 1.000000 102.659841
label: person
pos: 468.917545 179.532158 14.668275 38.600724
occl: 0
lock: 0
posv: 0.000000 0.000000 0.000000 0.000000
label: person
pos: 437.846200 179.896864 13.896261 32.945624
occl: 1
lock: 0
posv: 441.741852 180.466717 9.656826 19.847333
label: person
pos: 632.760152 166.513370 5.836017 109.352032
occl: 1
lock: 0
posv: 636.835095 166.712032 1.352174 109.153370
