setid: 7
volid: 3
frameid: 210
name: 07003000210
num: 1
label: person
pos: 332.260905 172.166558 39.379194 69.057190
occl: 1
lock: 0
posv: 336.527504 172.166558 33.872466 45.753177
