setid: 7
volid: 9
frameid: 690
name: 07009000690
num: 2
label: person
pos: 490.104177 186.533703 22.770759 48.709806
occl: 0
lock: 0
posv: 0.000000 0.000000 0.000000 0.000000
label: person
pos: 46.871817 177.881429 16.822696 37.804355
occl: 1
lock: 0
posv: 53.165774 177.881429 10.528739 17.880664
