setid: 7
volid: 3
frameid: 960
name: 07003000960
num: 1
label: person
pos: 316.760891 188.266019 13.011881 27.963159
occl: 0
lock: 0
posv: 0.000000 0.000000 0.000000 0.000000
