setid: 7
volid: 9
frameid: 1410
name: 07009001410
num: 3
label: person
pos: 332.926652 197.742263 18.770975 32.152565
occl: 0
lock: 0
posv: 0.000000 0.000000 0.000000 0.000000
label: person?
pos: 476.112891 190.380576 15.576634 38.365321
occl: 1
lock: 1
posv: 476.659563 190.493192 12.156720 11.886531
label: person
pos: 324.578075 198.205163 10.221807 19.717011
occl: 0
lock: 0
posv: 0.000000 0.000000 0.000000 0.000000
