setid: 7
volid: 5
frameid: 1410
name: 07005001410
num: 2
label: person
pos: 426.349037 177.322393 26.776783 71.862583
occl: 0
lock: 0
posv: 0.000000 0.000000 0.000000 0.000000
label: person
pos: 513.406725 178.930106 17.893788 46.649276
occl: 1
lock: 0
posv: 522.668113 179.909734 1.000000 15.170844
