setid: 7
volid: 1
frameid: 1830
name: 07001001830
num: 4
label: people
pos: 413.252907 157.829602 82.605549 77.973462
occl: 0
lock: 0
posv: 0.000000 0.000000 0.000000 0.000000
label: person
pos: 235.797325 170.220712 20.472182 46.253417
occl: 0
lock: 0
posv: 0.000000 0.000000 0.000000 0.000000
label: person
pos: 353.235314 167.967465 23.551624 62.962927
occl: 1
lock: 0
posv: 356.500810 169.121466 20.261690 34.695787
label: person
pos: 320.361310 159.005032 25.128539 81.805146
occl: 1
lock: 0
posv: 322.964668 159.598246 20.356091 32.076912
