setid: 7
volid: 8
frameid: 840
name: 07008000840
num: 5
label: person
pos: 90.447002 174.815715 17.919722 39.867860
occl: 0
lock: 0
posv: 0.000000 0.000000 0.000000 0.000000
label: person
pos: 297.222993 181.561087 9.234634 21.333979
occl: 0
lock: 0
posv: 0.000000 0.000000 0.000000 0.000000
label: people
pos: 536.693237 165.601449 44.057971 43.980676
occl: 0
lock: 0
posv: 0.000000 0.000000 0.000000 0.000000
label: person
pos: 53.758625 178.418102 18.986932 46.314532
occl: 1
lock: 0
posv: 64.115318 178.418102 1.000000 39.107609
label: person
pos: 15.328322 181.330377 25.887057 42.982034
occl: 1
lock: 0
posv: 27.080886 181.330377 1.000000 33.888610
