setid: 7
volid: 2
frameid: 1140
name: 07002001140
num: 4
label: person
pos: 633.240246 166.727257 6.115050 114.186809
occl: 1
lock: 0
posv: 638.848734 166.727257 0.506562 110.436545
label: person
pos: 465.661366 180.591677 14.548892 38.592265
occl: 0
lock: 0
posv: 0.000000 0.000000 0.000000 0.000000
label: person
pos: 437.880514 179.379901 15.349696 35.271957
occl: 1
lock: 0
posv: 441.914316 181.415112 8.438386 17.081258
label: person
pos: 631.824563 166.683402 7.594075 118.491501
occl: 1
lock: 0
posv: 638.018022 166.772618 1.400616 112.845069
