setid: 7
volid: 2
frameid: 390
name: 07002000390
num: 3
label: person
pos: 91.096467 171.172329 13.523785 30.111673
occl: 1
lock: 0
posv: 94.492090 171.172329 9.390650 17.926930
label: person
pos: 108.012551 172.294625 12.556264 27.140782
occl: 1
lock: 1
posv: 109.737630 172.294625 9.596807 18.561424
label: person
pos: 113.139410 174.327118 15.379392 31.750545
occl: 1
lock: 1
posv: 117.354515 174.327118 11.164286 17.033704
