setid: 7
volid: 2
frameid: 330
name: 07002000330
num: 4
label: person
pos: 487.015194 186.675582 15.832446 37.818709
occl: 0
lock: 0
posv: 0.000000 0.000000 0.000000 0.000000
label: people
pos: 476.779987 185.629368 14.449113 34.925187
occl: 0
lock: 0
posv: 0.000000 0.000000 0.000000 0.000000
label: person
pos: 85.403143 190.102214 20.844391 44.776840
occl: 1
lock: 0
posv: 90.213799 190.246201 13.136739 38.455549
label: person
pos: 502.232512 181.745299 14.197084 37.207031
occl: 1
lock: 0
posv: 502.232512 181.745299 12.261275 20.969233
