setid: 7
volid: 1
frameid: 570
name: 07001000570
num: 2
label: person
pos: 435.993366 192.712304 19.300362 34.740651
occl: 0
lock: 0
posv: 0.000000 0.000000 0.000000 0.000000
label: person
pos: 358.946321 199.506031 21.616405 39.372738
occl: 0
lock: 0
posv: 0.000000 0.000000 0.000000 0.000000
