setid: 7
volid: 2
frameid: 300
name: 07002000300
num: 6
label: people
pos: 553.300965 179.317853 48.482509 57.437877
occl: 0
lock: 0
posv: 0.000000 0.000000 0.000000 0.000000
label: people
pos: 198.217185 193.561520 16.984318 21.616405
occl: 0
lock: 0
posv: 0.000000 0.000000 0.000000 0.000000
label: person
pos: 453.936552 188.321821 15.832446 29.751158
occl: 0
lock: 0
posv: 0.000000 0.000000 0.000000 0.000000
label: person
pos: 32.692367 196.946119 17.756333 45.548854
occl: 0
lock: 0
posv: 0.000000 0.000000 0.000000 0.000000
label: person
pos: 483.734805 180.933584 13.124246 33.968637
occl: 1
lock: 0
posv: 484.469833 181.280856 10.957017 19.421860
label: person
pos: 467.611448 183.553549 13.223799 36.284680
occl: 1
lock: 0
posv: 467.708685 185.526777 9.638813 17.296191
