setid: 7
volid: 7
frameid: 630
name: 07007000630
num: 1
label: person
pos: 173.325518 195.939636 20.090016 36.418199
occl: 0
lock: 0
posv: 0.000000 0.000000 0.000000 0.000000
