setid: 7
volid: 5
frameid: 1500
name: 07005001500
num: 4
label: person
pos: 562.631813 178.352835 22.503600 62.556014
occl: 0
lock: 0
posv: 0.000000 0.000000 0.000000 0.000000
label: person
pos: 473.472462 167.376213 44.383261 112.282362
occl: 0
lock: 0
posv: 0.000000 0.000000 0.000000 0.000000
label: people
pos: 583.205497 172.397295 36.284680 67.271872
occl: 1
lock: 0
posv: 583.205497 172.397295 33.971946 32.342995
label: person
pos: 222.183048 189.120750 13.896261 25.927275
occl: 0
lock: 0
posv: 0.000000 0.000000 0.000000 0.000000
