setid: 7
volid: 3
frameid: 1680
name: 07003001680
num: 4
label: person
pos: 530.005699 172.589389 18.528347 44.259561
occl: 1
lock: 0
posv: 533.620431 173.598881 13.896898 18.320517
label: person
pos: 463.328817 175.233854 15.749536 40.451929
occl: 1
lock: 1
posv: 463.328817 176.740018 12.924661 21.883449
label: person
pos: 370.267371 169.805699 31.595856 58.493977
occl: 0
lock: 1
posv: 0.000000 0.000000 0.000000 0.000000
label: person
pos: 444.274482 170.758773 14.668275 38.532983
occl: 0
lock: 0
posv: 0.000000 0.000000 0.000000 0.000000
