setid: 7
volid: 5
frameid: 1350
name: 07005001350
num: 3
label: person
pos: 409.127832 180.734240 23.639232 52.941850
occl: 0
lock: 0
posv: 0.000000 0.000000 0.000000 0.000000
label: person
pos: 545.393560 174.400121 23.252820 59.586148
occl: 1
lock: 0
posv: 546.333569 174.410047 21.067689 37.172497
label: person
pos: 463.960279 178.248707 16.486505 42.409043
occl: 1
lock: 0
posv: 464.065295 178.248707 12.280382 22.891517
