setid: 7
volid: 3
frameid: 1110
name: 07003001110
num: 3
label: person
pos: 367.804813 174.597861 11.141419 31.009984
occl: 0
lock: 0
posv: 0.000000 0.000000 0.000000 0.000000
label: person
pos: 357.911052 174.089840 11.446881 27.927273
occl: 0
lock: 0
posv: 0.000000 0.000000 0.000000 0.000000
label: person
pos: 308.869864 183.373992 12.829600 24.823906
occl: 0
lock: 0
posv: 0.000000 0.000000 0.000000 0.000000
