setid: 7
volid: 1
frameid: 1650
name: 07001001650
num: 4
label: person
pos: 397.384328 181.543923 20.406431 34.949029
occl: 1
lock: 0
posv: 397.384328 181.543923 18.699187 34.949029
label: person
pos: 549.285862 178.539333 13.153506 27.938440
occl: 0
lock: 0
posv: 0.000000 0.000000 0.000000 0.000000
label: person
pos: 526.016292 182.825907 15.879082 33.487786
occl: 0
lock: 0
posv: 0.000000 0.000000 0.000000 0.000000
label: person
pos: 605.568889 173.093486 16.991610 48.747386
occl: 1
lock: 0
posv: 606.004662 173.403163 14.813044 16.419478
