setid: 7
volid: 1
frameid: 480
name: 07001000480
num: 4
label: person
pos: 51.572361 181.917275 66.174886 151.314837
occl: 0
lock: 0
posv: 0.000000 0.000000 0.000000 0.000000
label: person
pos: 261.826900 132.803981 102.677925 272.521110
occl: 0
lock: 1
posv: 0.000000 0.000000 0.000000 0.000000
label: person
pos: 354.468637 172.176719 74.113390 224.656212
occl: 0
lock: 1
posv: 0.000000 0.000000 0.000000 0.000000
label: person
pos: 471.042823 137.436068 96.501809 267.889023
occl: 0
lock: 1
posv: 0.000000 0.000000 0.000000 0.000000
