setid: 7
volid: 0
frameid: 390
name: 07000000390
num: 5
label: person
pos: 399.436079 186.263764 16.225014 37.078812
occl: 1
lock: 0
posv: 413.608743 186.263764 1.000000 37.078812
label: person
pos: 502.111260 170.972854 23.836570 78.525671
occl: 1
lock: 0
posv: 507.449789 171.020893 6.675732 78.477632
label: person
pos: 474.137042 177.162262 22.754440 78.042815
occl: 1
lock: 0
posv: 474.852448 177.193635 16.662990 78.011443
label: person
pos: 364.063395 186.702057 14.757282 37.281553
occl: 0
lock: 0
posv: 0.000000 0.000000 0.000000 0.000000
label: person
pos: 372.105025 154.179921 90.512646 155.508086
occl: 0
lock: 0
posv: 0.000000 0.000000 0.000000 0.000000
