setid: 7
volid: 5
frameid: 1440
name: 07005001440
num: 3
label: person
pos: 433.919598 177.143961 31.786287 82.638753
occl: 0
lock: 0
posv: 0.000000 0.000000 0.000000 0.000000
label: person
pos: 541.445950 177.133766 25.213163 61.505168
occl: 1
lock: 0
posv: 541.445950 178.530804 14.062345 16.632066
label: person
pos: 274.248651 186.072979 13.896261 29.336550
occl: 0
lock: 0
posv: 0.000000 0.000000 0.000000 0.000000
