setid: 7
volid: 2
frameid: 1230
name: 07002001230
num: 4
label: person
pos: 624.313230 166.650893 12.240034 82.236578
occl: 1
lock: 0
posv: 624.313230 167.120746 12.240034 81.766725
label: person
pos: 475.057829 178.567851 14.668275 40.093907
occl: 1
lock: 0
posv: 481.612501 179.520574 1.014074 38.600724
label: person
pos: 437.846200 179.896864 13.896261 33.462587
occl: 1
lock: 0
posv: 442.470877 182.103851 8.273454 19.415610
label: person
pos: 632.417115 165.995493 3.239680 94.731590
occl: 1
lock: 0
posv: 633.751621 165.995493 1.463409 91.418029
