setid: 7
volid: 2
frameid: 1080
name: 07002001080
num: 4
label: person
pos: 636.752476 167.120746 3.747524 120.753435
occl: 1
lock: 0
posv: 638.854952 167.120746 1.645048 120.434258
label: person
pos: 464.102256 179.978411 11.382289 36.582490
occl: 0
lock: 0
posv: 0.000000 0.000000 0.000000 0.000000
label: person
pos: 438.532475 179.896864 13.896261 33.204106
occl: 1
lock: 0
posv: 442.930301 181.149443 7.966702 18.480660
label: person
pos: 637.174145 166.772618 3.325855 128.154403
occl: 1
lock: 0
posv: 639.500000 166.772618 1.000000 128.154403
