setid: 7
volid: 4
frameid: 1860
name: 07004001860
num: 1
label: person
pos: 6.550267 182.663993 18.912299 39.563636
occl: 0
lock: 1
posv: 0.000000 0.000000 0.000000 0.000000
