setid: 7
volid: 3
frameid: 1410
name: 07003001410
num: 2
label: person
pos: 443.163413 163.039967 33.499341 85.524653
occl: 1
lock: 0
posv: 443.382149 163.039967 33.280605 64.420766
label: person
pos: 371.370517 187.172433 17.663794 32.055037
occl: 0
lock: 0
posv: 0.000000 0.000000 0.000000 0.000000
