setid: 7
volid: 8
frameid: 1740
name: 07008001740
num: 1
label: person
pos: 150.353945 189.017713 14.685990 31.690821
occl: 1
lock: 1
posv: 157.444465 189.017713 0.504950 31.690821
