setid: 7
volid: 0
frameid: 840
name: 07000000840
num: 2
label: people
pos: 410.891616 170.208738 216.404501 93.203883
occl: 0
lock: 0
posv: 0.000000 0.000000 0.000000 0.000000
label: person
pos: 413.191129 178.921093 24.772511 77.630164
occl: 0
lock: 1
posv: 0.000000 0.000000 0.000000 0.000000
