setid: 7
volid: 3
frameid: 1350
name: 07003001350
num: 5
label: person
pos: 553.837808 143.628570 60.437118 165.472399
occl: 1
lock: 0
posv: 553.837808 143.628570 55.244010 123.635066
label: person
pos: 400.646474 176.468378 27.053551 60.154401
occl: 1
lock: 0
posv: 400.646474 176.468378 26.484662 42.385945
label: person
pos: 8.524350 193.796525 12.113143 39.818877
occl: 0
lock: 0
posv: 0.000000 0.000000 0.000000 0.000000
label: person
pos: 19.327550 192.050699 12.818184 40.343149
occl: 0
lock: 0
posv: 0.000000 0.000000 0.000000 0.000000
label: person
pos: 355.078101 190.982259 17.533084 30.842134
occl: 0
lock: 0
posv: 0.000000 0.000000 0.000000 0.000000
