setid: 7
volid: 0
frameid: 1350
name: 07000001350
num: 5
label: people
pos: 34.737579 203.029983 28.737864 37.281553
occl: 0
lock: 0
posv: 0.000000 0.000000 0.000000 0.000000
label: people
pos: 420.749181 184.320579 31.557976 34.873244
occl: 0
lock: 0
posv: 0.000000 0.000000 0.000000 0.000000
label: person
pos: 408.266990 188.766181 13.980583 31.927994
occl: 1
lock: 0
posv: 410.096965 188.766181 10.731306 31.844660
label: person
pos: 479.266476 182.247459 14.366648 41.165049
occl: 0
lock: 0
posv: 0.000000 0.000000 0.000000 0.000000
label: person
pos: 467.870595 183.806257 12.083828 38.808947
occl: 0
lock: 0
posv: 0.000000 0.000000 0.000000 0.000000
