setid: 7
volid: 4
frameid: 1920
name: 07004001920
num: 1
label: person
pos: 261.541854 160.739287 16.290909 37.236364
occl: 0
lock: 0
posv: 0.000000 0.000000 0.000000 0.000000
