setid: 7
volid: 4
frameid: 1740
name: 07004001740
num: 2
label: person?
pos: 21.817608 196.614286 12.908077 28.999751
occl: 0
lock: 0
posv: 0.000000 0.000000 0.000000 0.000000
label: person
pos: 59.924990 192.479014 13.128613 23.565223
occl: 1
lock: 0
posv: 59.924990 192.479014 13.108343 17.766441
