setid: 7
volid: 9
frameid: 480
name: 07009000480
num: 1
label: person
pos: 455.592924 185.945865 16.231884 34.782609
occl: 0
lock: 1
posv: 0.000000 0.000000 0.000000 0.000000
