setid: 7
volid: 6
frameid: 1020
name: 07006001020
num: 4
label: person
pos: 132.776783 192.797670 12.856493 27.992185
occl: 0
lock: 0
posv: 0.000000 0.000000 0.000000 0.000000
label: person
pos: 601.850160 170.166831 21.367641 66.649809
occl: 1
lock: 0
posv: 601.850160 170.166831 20.485589 27.821092
label: person
pos: 508.450121 183.410604 13.140097 31.690821
occl: 0
lock: 0
posv: 0.000000 0.000000 0.000000 0.000000
label: person
pos: 460.256039 182.210145 13.913043 31.690821
occl: 0
lock: 1
posv: 0.000000 0.000000 0.000000 0.000000
