setid: 7
volid: 1
frameid: 30
name: 07001000030
num: 1
label: person
pos: 537.673840 153.451946 29.835171 55.474064
occl: 0
lock: 0
posv: 0.000000 0.000000 0.000000 0.000000
