setid: 7
volid: 6
frameid: 300
name: 07006000300
num: 5
label: person
pos: 540.127394 146.439301 38.417391 101.527025
occl: 0
lock: 0
posv: 0.000000 0.000000 0.000000 0.000000
label: person
pos: 384.931799 171.707729 21.760870 52.597045
occl: 0
lock: 1
posv: 0.000000 0.000000 0.000000 0.000000
label: person
pos: 579.921142 155.715118 30.552245 88.893599
occl: 0
lock: 0
posv: 0.000000 0.000000 0.000000 0.000000
label: person
pos: 1.503353 192.528531 11.217050 32.473885
occl: 1
lock: 0
posv: 3.845190 192.528531 1.000000 32.473885
label: person
pos: 3.749564 191.260017 12.783410 30.942562
occl: 1
lock: 0
posv: 3.749564 191.260017 1.000000 30.582736
