setid: 7
volid: 8
frameid: 750
name: 07008000750
num: 7
label: person
pos: 609.756266 158.089259 20.565359 62.507671
occl: 1
lock: 1
posv: 609.790253 158.381728 20.531373 26.913790
label: person
pos: 68.184646 166.244221 17.919722 45.864216
occl: 0
lock: 1
posv: 0.000000 0.000000 0.000000 0.000000
label: person
pos: 66.852895 128.122936 92.003824 176.023166
occl: 0
lock: 0
posv: 0.000000 0.000000 0.000000 0.000000
label: person
pos: 286.959821 172.653595 9.744320 23.188406
occl: 0
lock: 1
posv: 0.000000 0.000000 0.000000 0.000000
label: people
pos: 501.369565 158.567633 44.057971 40.193237
occl: 0
lock: 0
posv: 0.000000 0.000000 0.000000 0.000000
label: person
pos: 94.363882 169.837880 15.340153 38.955627
occl: 1
lock: 0
posv: 101.788095 169.837880 1.000000 32.706604
label: person
pos: 21.196178 175.153026 16.897743 37.953867
occl: 0
lock: 1
posv: 0.000000 0.000000 0.000000 0.000000
