setid: 7
volid: 0
frameid: 900
name: 07000000900
num: 2
label: people
pos: 307.367695 185.354369 215.145631 99.417476
occl: 0
lock: 0
posv: 0.000000 0.000000 0.000000 0.000000
label: person
pos: 309.759756 189.862269 29.405863 86.226847
occl: 0
lock: 1
posv: 0.000000 0.000000 0.000000 0.000000
