setid: 7
volid: 3
frameid: 1770
name: 07003001770
num: 4
label: person
pos: 590.624215 175.379903 24.848128 60.596232
occl: 0
lock: 0
posv: 0.000000 0.000000 0.000000 0.000000
label: person
pos: 541.634726 179.906072 22.831245 64.988618
occl: 0
lock: 0
posv: 0.000000 0.000000 0.000000 0.000000
label: person
pos: 346.489234 178.138401 17.024516 52.794437
occl: 0
lock: 0
posv: 0.000000 0.000000 0.000000 0.000000
label: person
pos: 496.927399 177.120746 17.775314 53.729074
occl: 0
lock: 1
posv: 0.000000 0.000000 0.000000 0.000000
