setid: 7
volid: 9
frameid: 960
name: 07009000960
num: 3
label: person-fa
pos: 385.111765 161.534669 12.807275 32.697073
occl: 0
lock: 0
posv: 0.000000 0.000000 0.000000 0.000000
label: person
pos: 86.609989 169.736715 15.666937 36.965899
occl: 0
lock: 0
posv: 0.000000 0.000000 0.000000 0.000000
label: person?
pos: 454.984917 162.526532 15.563548 33.773145
occl: 1
lock: 0
posv: 461.962416 163.393012 1.000000 16.658924
