setid: 7
volid: 6
frameid: 1200
name: 07006001200
num: 2
label: person
pos: 131.515521 179.402610 14.229132 28.232068
occl: 1
lock: 0
posv: 137.838591 179.418291 1.000000 17.213990
label: person
pos: 88.490974 182.644703 12.946021 32.575814
occl: 1
lock: 0
posv: 95.779094 184.209702 1.000000 18.692778
