setid: 7
volid: 2
frameid: 60
name: 07002000060
num: 2
label: person
pos: 468.199940 163.613437 24.704463 59.383796
occl: 0
lock: 0
posv: 0.000000 0.000000 0.000000 0.000000
label: person
pos: 109.151195 184.456224 14.009950 20.392466
occl: 1
lock: 1
posv: 109.151195 184.456224 14.009950 20.392466
