setid: 7
volid: 9
frameid: 870
name: 07009000870
num: 3
label: person-fa
pos: 342.142512 174.102444 13.772151 26.513498
occl: 0
lock: 0
posv: 0.000000 0.000000 0.000000 0.000000
label: person
pos: 113.743002 175.532325 13.140097 29.928602
occl: 1
lock: 1
posv: 121.340649 175.532325 0.635768 29.928602
label: person?
pos: 405.457746 169.423670 12.367150 27.420269
occl: 1
lock: 0
posv: 413.147039 169.423670 1.000000 22.262747
