setid: 7
volid: 9
frameid: 1320
name: 07009001320
num: 3
label: person
pos: 318.002166 191.670187 30.807387 43.805355
occl: 0
lock: 0
posv: 0.000000 0.000000 0.000000 0.000000
label: person
pos: 189.704983 198.603776 8.824009 21.551766
occl: 0
lock: 0
posv: 0.000000 0.000000 0.000000 0.000000
label: person?
pos: 460.746403 191.891020 13.954222 31.834896
occl: 1
lock: 0
posv: 462.323980 191.901693 10.287908 10.402437
