setid: 7
volid: 2
frameid: 1740
name: 07002001740
num: 1
label: people
pos: 120.780564 194.568756 44.834070 32.424608
occl: 0
lock: 0
posv: 0.000000 0.000000 0.000000 0.000000
