setid: 7
volid: 6
frameid: 1140
name: 07006001140
num: 2
label: person
pos: 563.473714 172.181870 22.467604 57.687056
occl: 0
lock: 1
posv: 0.000000 0.000000 0.000000 0.000000
label: person
pos: 124.657868 187.505818 10.048309 26.507774
occl: 1
lock: 0
posv: 131.149876 187.560763 1.000000 21.707465
