setid: 7
volid: 3
frameid: 930
name: 07003000930
num: 3
label: person
pos: 51.712121 190.646881 11.636364 31.030303
occl: 0
lock: 0
posv: 0.000000 0.000000 0.000000 0.000000
label: person
pos: 40.492513 193.155437 12.412121 31.094385
occl: 0
lock: 0
posv: 0.000000 0.000000 0.000000 0.000000
label: person
pos: 318.138366 189.482149 12.833663 28.911080
occl: 0
lock: 0
posv: 0.000000 0.000000 0.000000 0.000000
