setid: 7
volid: 2
frameid: 1650
name: 07002001650
num: 1
label: people
pos: 146.796743 186.072979 27.792521 32.424608
occl: 0
lock: 0
posv: 0.000000 0.000000 0.000000 0.000000
