setid: 7
volid: 1
frameid: 1170
name: 07001001170
num: 2
label: people
pos: 512.886007 171.799179 42.769602 44.150760
occl: 0
lock: 0
posv: 0.000000 0.000000 0.000000 0.000000
label: person
pos: 459.301117 174.094586 13.124246 30.014922
occl: 1
lock: 0
posv: 459.809084 174.094586 11.282909 9.980523
