setid: 7
volid: 0
frameid: 510
name: 07000000510
num: 5
label: people
pos: 102.635922 192.603560 33.268608 31.067961
occl: 0
lock: 0
posv: 0.000000 0.000000 0.000000 0.000000
label: person
pos: 598.408957 169.037559 31.185454 91.795879
occl: 0
lock: 0
posv: 0.000000 0.000000 0.000000 0.000000
label: person
pos: 572.424859 176.789713 30.775094 91.080989
occl: 0
lock: 0
posv: 0.000000 0.000000 0.000000 0.000000
label: person
pos: 443.833153 187.502611 16.790405 41.383064
occl: 0
lock: 0
posv: 0.000000 0.000000 0.000000 0.000000
label: person
pos: 69.858929 194.410540 15.260111 31.040628
occl: 0
lock: 0
posv: 0.000000 0.000000 0.000000 0.000000
