setid: 7
volid: 5
frameid: 930
name: 07005000930
num: 1
label: person
pos: 386.915170 190.843977 16.838220 31.834248
occl: 0
lock: 0
posv: 0.000000 0.000000 0.000000 0.000000
