setid: 7
volid: 3
frameid: 780
name: 07003000780
num: 1
label: person
pos: 326.411335 192.328303 13.195042 31.208869
occl: 0
lock: 0
posv: 0.000000 0.000000 0.000000 0.000000
