setid: 7
volid: 1
frameid: 900
name: 07001000900
num: 1
label: person
pos: 465.166557 191.828726 16.470450 32.300319
occl: 1
lock: 0
posv: 465.166557 192.608521 12.734039 23.631754
