setid: 7
volid: 1
frameid: 720
name: 07001000720
num: 3
label: person
pos: 529.450380 182.733328 17.279234 50.174638
occl: 0
lock: 0
posv: 0.000000 0.000000 0.000000 0.000000
label: person
pos: 549.648868 179.279252 18.528347 50.952955
occl: 1
lock: 0
posv: 560.237987 179.498179 5.964315 50.118120
label: person
pos: 566.951910 184.589145 11.566650 45.288490
occl: 1
lock: 0
posv: 566.951910 184.589145 11.566650 45.288490
