setid: 7
volid: 2
frameid: 420
name: 07002000420
num: 3
label: person
pos: 41.155006 171.186191 13.752862 32.926921
occl: 1
lock: 0
posv: 51.847049 172.127700 1.030900 30.803093
label: person
pos: 56.933086 174.855959 12.856848 34.862228
occl: 1
lock: 0
posv: 67.001946 174.891323 1.000000 33.840902
label: person
pos: 64.753516 174.839715 12.718825 35.666955
occl: 1
lock: 0
posv: 75.507653 174.839715 1.000000 35.666955
