setid: 7
volid: 5
frameid: 1110
name: 07005001110
num: 4
label: people
pos: 491.887214 185.061130 36.091677 36.331512
occl: 0
lock: 0
posv: 0.000000 0.000000 0.000000 0.000000
label: people
pos: 604.601327 182.289021 32.979150 36.284680
occl: 0
lock: 0
posv: 0.000000 0.000000 0.000000 0.000000
label: person
pos: 522.866051 180.764422 20.492201 45.969346
occl: 0
lock: 0
posv: 0.000000 0.000000 0.000000 0.000000
label: person
pos: 369.182154 187.544185 16.855547 30.468635
occl: 0
lock: 0
posv: 0.000000 0.000000 0.000000 0.000000
