setid: 7
volid: 3
frameid: 900
name: 07003000900
num: 4
label: person
pos: 43.151345 190.890691 16.813309 40.151224
occl: 1
lock: 0
posv: 48.333789 191.103684 11.630865 39.279319
label: person
pos: 88.858788 190.696364 11.636364 31.043142
occl: 1
lock: 0
posv: 90.942527 190.847423 1.000000 30.892083
label: person
pos: 74.293285 189.576214 13.794295 32.298912
occl: 1
lock: 0
posv: 86.448261 191.845816 1.000000 29.195841
label: person
pos: 320.448957 189.955348 13.871606 29.711759
occl: 0
lock: 0
posv: 0.000000 0.000000 0.000000 0.000000
