setid: 7
volid: 1
frameid: 1140
name: 07001001140
num: 2
label: people
pos: 476.413054 173.343208 23.414054 38.151312
occl: 0
lock: 0
posv: 0.000000 0.000000 0.000000 0.000000
label: person
pos: 592.326297 157.740048 28.873341 91.174910
occl: 0
lock: 0
posv: 0.000000 0.000000 0.000000 0.000000
