setid: 7
volid: 5
frameid: 2100
name: 07005002100
num: 3
label: person
pos: 30.683575 195.382696 11.208156 31.635162
occl: 0
lock: 0
posv: 0.000000 0.000000 0.000000 0.000000
label: person
pos: 40.644150 197.175832 13.667069 31.909813
occl: 0
lock: 1
posv: 0.000000 0.000000 0.000000 0.000000
label: person
pos: 145.041063 192.577295 14.685990 27.053140
occl: 0
lock: 0
posv: 0.000000 0.000000 0.000000 0.000000
