setid: 7
volid: 0
frameid: 870
name: 07000000870
num: 2
label: people
pos: 387.296117 170.208738 215.145631 111.067961
occl: 0
lock: 0
posv: 0.000000 0.000000 0.000000 0.000000
label: person
pos: 384.014658 187.430897 27.089187 81.928505
occl: 0
lock: 1
posv: 0.000000 0.000000 0.000000 0.000000
