setid: 7
volid: 2
frameid: 1020
name: 07002001020
num: 3
label: person
pos: 535.301689 167.120746 46.975588 117.296197
occl: 0
lock: 0
posv: 0.000000 0.000000 0.000000 0.000000
label: person
pos: 438.532475 179.896864 14.897388 33.533082
occl: 1
lock: 0
posv: 442.632425 182.190722 7.693180 20.343015
label: person
pos: 634.926315 166.772618 3.209427 128.154403
occl: 1
lock: 0
posv: 636.938721 166.772618 1.000000 128.154403
