setid: 7
volid: 0
frameid: 690
name: 07000000690
num: 1
label: person
pos: 9.497857 192.210559 17.104106 38.912317
occl: 1
lock: 0
posv: 24.778097 192.327250 1.000000 36.300474
