setid: 7
volid: 4
frameid: 1080
name: 07004001080
num: 3
label: person
pos: 149.481260 183.818681 14.536366 29.529861
occl: 0
lock: 0
posv: 0.000000 0.000000 0.000000 0.000000
label: person
pos: 102.543177 182.868950 14.482196 30.494007
occl: 1
lock: 0
posv: 107.581861 184.491000 4.313682 20.091287
label: person
pos: 184.311159 183.068273 10.376972 26.324464
occl: 1
lock: 0
posv: 189.492986 183.068273 1.000000 22.950554
