setid: 7
volid: 3
frameid: 1170
name: 07003001170
num: 3
label: person
pos: 382.890111 180.801783 13.703477 36.300760
occl: 0
lock: 0
posv: 0.000000 0.000000 0.000000 0.000000
label: person
pos: 364.112032 182.913369 11.446881 29.059781
occl: 0
lock: 0
posv: 0.000000 0.000000 0.000000 0.000000
label: person
pos: 319.792624 190.799188 11.456727 25.199694
occl: 0
lock: 0
posv: 0.000000 0.000000 0.000000 0.000000
