setid: 7
volid: 5
frameid: 720
name: 07005000720
num: 1
label: person
pos: 397.289003 178.927820 23.107133 46.520354
occl: 1
lock: 0
posv: 399.538604 178.927820 1.000000 46.520354
