setid: 7
volid: 5
frameid: 120
name: 07005000120
num: 2
label: person-fa
pos: 531.175902 191.458724 17.266269 47.107346
occl: 0
lock: 0
posv: 0.000000 0.000000 0.000000 0.000000
label: person
pos: 361.853054 183.858119 12.936899 29.597170
occl: 0
lock: 0
posv: 0.000000 0.000000 0.000000 0.000000
