setid: 7
volid: 4
frameid: 1620
name: 07004001620
num: 1
label: person
pos: 590.243172 137.989750 25.600000 70.593939
occl: 0
lock: 0
posv: 0.000000 0.000000 0.000000 0.000000
