setid: 7
volid: 5
frameid: 780
name: 07005000780
num: 1
label: person
pos: 383.607378 182.017778 19.387122 40.122525
occl: 1
lock: 0
posv: 393.309338 183.299117 1.000000 38.680295
