setid: 7
volid: 3
frameid: 810
name: 07003000810
num: 1
label: person
pos: 309.023157 192.572808 14.452796 29.982855
occl: 0
lock: 0
posv: 0.000000 0.000000 0.000000 0.000000
