setid: 7
volid: 8
frameid: 1050
name: 07008001050
num: 3
label: person
pos: 417.103548 181.300420 18.490989 42.518340
occl: 0
lock: 0
posv: 0.000000 0.000000 0.000000 0.000000
label: person
pos: 358.682458 182.185361 13.501279 30.885455
occl: 1
lock: 0
posv: 360.806602 182.295372 2.152507 30.775444
label: person
pos: 81.146204 181.537795 20.619355 41.773191
occl: 1
lock: 0
posv: 81.698068 182.001563 18.676186 23.188406
