setid: 7
volid: 0
frameid: 540
name: 07000000540
num: 4
label: people
pos: 86.217233 191.831311 45.625000 31.067961
occl: 0
lock: 0
posv: 0.000000 0.000000 0.000000 0.000000
label: person
pos: 595.601329 167.975305 30.775094 98.501279
occl: 0
lock: 0
posv: 0.000000 0.000000 0.000000 0.000000
label: person
pos: 451.536993 184.948849 17.585903 45.139637
occl: 1
lock: 0
posv: 453.476300 184.948849 15.263757 14.162701
label: person
pos: 57.987638 195.125951 14.129279 31.901537
occl: 0
lock: 0
posv: 0.000000 0.000000 0.000000 0.000000
