setid: 7
volid: 5
frameid: 1170
name: 07005001170
num: 2
label: people
pos: 551.332328 167.930639 75.657419 55.585042
occl: 0
lock: 0
posv: 0.000000 0.000000 0.000000 0.000000
label: person
pos: 369.638532 184.795961 16.142675 30.334972
occl: 0
lock: 0
posv: 0.000000 0.000000 0.000000 0.000000
