setid: 7
volid: 0
frameid: 150
name: 07000000150
num: 6
label: person
pos: 514.224272 170.208738 33.660194 85.031030
occl: 0
lock: 0
posv: 0.000000 0.000000 0.000000 0.000000
label: person
pos: 485.488883 174.547592 19.755035 77.748036
occl: 1
lock: 0
posv: 485.488883 174.547592 11.332593 77.748036
label: person
pos: 412.927184 185.742718 13.825243 33.923965
occl: 1
lock: 0
posv: 418.181690 185.744353 3.866801 33.922330
label: person
pos: 491.036675 172.469065 21.957834 71.876832
occl: 1
lock: 0
posv: 501.645242 175.157459 2.436436 67.759148
label: person
pos: 471.115787 175.971725 22.048322 70.888809
occl: 0
lock: 0
posv: 0.000000 0.000000 0.000000 0.000000
label: person
pos: 417.503617 179.595086 21.747573 55.337352
occl: 1
lock: 0
posv: 423.485569 179.595086 1.546582 55.145631
