setid: 7
volid: 5
frameid: 1470
name: 07005001470
num: 3
label: person
pos: 449.305161 174.214550 35.702227 95.493851
occl: 0
lock: 0
posv: 0.000000 0.000000 0.000000 0.000000
label: person
pos: 593.967478 175.165905 25.641631 73.708893
occl: 1
lock: 0
posv: 610.521308 175.179889 1.000000 33.390355
label: person
pos: 254.344906 188.526098 13.896261 25.927275
occl: 0
lock: 0
posv: 0.000000 0.000000 0.000000 0.000000
