setid: 7
volid: 5
frameid: 2130
name: 07005002130
num: 3
label: person
pos: 26.433575 195.632696 11.208156 31.635162
occl: 0
lock: 0
posv: 0.000000 0.000000 0.000000 0.000000
label: person
pos: 35.644150 196.175832 12.916767 31.909813
occl: 0
lock: 1
posv: 0.000000 0.000000 0.000000 0.000000
label: person
pos: 145.041063 192.577295 14.685990 27.053140
occl: 0
lock: 0
posv: 0.000000 0.000000 0.000000 0.000000
