setid: 7
volid: 8
frameid: 990
name: 07008000990
num: 4
label: person
pos: 74.548309 189.888363 22.260870 56.646775
occl: 0
lock: 0
posv: 0.000000 0.000000 0.000000 0.000000
label: person
pos: 100.851808 180.789240 20.843800 48.596059
occl: 0
lock: 0
posv: 0.000000 0.000000 0.000000 0.000000
label: person
pos: 472.577295 185.375178 13.604220 26.280193
occl: 0
lock: 0
posv: 0.000000 0.000000 0.000000 0.000000
label: person
pos: 223.156863 185.634413 15.458937 31.644695
occl: 1
lock: 0
posv: 230.693924 186.013045 1.000000 23.071904
