setid: 7
volid: 0
frameid: 450
name: 07000000450
num: 4
label: person
pos: 562.603074 169.614030 26.741814 91.234290
occl: 0
lock: 0
posv: 0.000000 0.000000 0.000000 0.000000
label: person
pos: 531.201213 172.495595 29.630696 91.080989
occl: 0
lock: 0
posv: 0.000000 0.000000 0.000000 0.000000
label: person
pos: 416.586808 188.919189 16.998550 37.281553
occl: 1
lock: 0
posv: 418.828076 191.527443 14.757282 10.741071
label: person
pos: 1.940594 139.862309 74.672337 244.937968
occl: 0
lock: 0
posv: 0.000000 0.000000 0.000000 0.000000
