setid: 7
volid: 3
frameid: 1650
name: 07003001650
num: 1
label: person
pos: 370.561005 167.699668 29.224889 55.087553
occl: 0
lock: 0
posv: 0.000000 0.000000 0.000000 0.000000
