setid: 7
volid: 4
frameid: 990
name: 07004000990
num: 1
label: person
pos: 233.149220 189.242905 13.896261 27.020507
occl: 0
lock: 0
posv: 0.000000 0.000000 0.000000 0.000000
