setid: 7
volid: 5
frameid: 810
name: 07005000810
num: 1
label: person
pos: 387.315823 181.828566 18.661963 40.029859
occl: 0
lock: 0
posv: 0.000000 0.000000 0.000000 0.000000
