setid: 7
volid: 2
frameid: 660
name: 07002000660
num: 2
label: person
pos: 253.245379 144.385205 34.156749 134.518207
occl: 1
lock: 0
posv: 281.251247 144.385205 1.000000 134.518207
label: person
pos: 281.688761 146.115425 42.308984 137.733686
occl: 1
lock: 0
posv: 297.882264 146.115425 1.000000 137.733686
