setid: 7
volid: 4
frameid: 510
name: 07004000510
num: 2
label: person
pos: 166.964198 147.413055 18.934942 42.226478
occl: 1
lock: 0
posv: 166.964198 147.413055 17.779284 25.111071
label: person
pos: 193.580227 149.335820 17.349498 34.608445
occl: 1
lock: 0
posv: 194.209766 149.335820 16.344946 19.578682
