setid: 7
volid: 8
frameid: 420
name: 07008000420
num: 3
label: person
pos: 602.625604 168.145308 26.351124 66.698808
occl: 1
lock: 0
posv: 610.520623 168.145308 18.456105 18.418752
label: person
pos: 64.127758 182.878897 15.422893 31.532942
occl: 1
lock: 0
posv: 64.127758 182.878897 15.422893 15.042446
label: person
pos: 377.249388 180.407124 16.196854 25.507246
occl: 0
lock: 0
posv: 0.000000 0.000000 0.000000 0.000000
