setid: 7
volid: 4
frameid: 930
name: 07004000930
num: 1
label: person
pos: 236.606083 181.077120 13.896261 27.020507
occl: 0
lock: 0
posv: 0.000000 0.000000 0.000000 0.000000
