setid: 7
volid: 8
frameid: 1830
name: 07008001830
num: 1
label: person
pos: 40.621483 187.983518 18.303851 40.574098
occl: 0
lock: 0
posv: 0.000000 0.000000 0.000000 0.000000
