setid: 7
volid: 5
frameid: 1320
name: 07005001320
num: 1
label: person
pos: 390.219598 180.028467 21.098481 47.831791
occl: 0
lock: 0
posv: 0.000000 0.000000 0.000000 0.000000
