setid: 7
volid: 3
frameid: 990
name: 07003000990
num: 1
label: person
pos: 315.489116 186.608296 13.185959 27.034191
occl: 0
lock: 0
posv: 0.000000 0.000000 0.000000 0.000000
