setid: 7
volid: 4
frameid: 90
name: 07004000090
num: 3
label: person
pos: 119.996035 180.608182 63.811670 153.919184
occl: 0
lock: 0
posv: 0.000000 0.000000 0.000000 0.000000
label: person
pos: 176.426658 189.621092 20.034880 88.399323
occl: 0
lock: 0
posv: 0.000000 0.000000 0.000000 0.000000
label: person
pos: 595.535372 181.295705 34.740651 98.496445
occl: 0
lock: 0
posv: 0.000000 0.000000 0.000000 0.000000
