setid: 7
volid: 4
frameid: 1950
name: 07004001950
num: 2
label: person
pos: 204.689947 167.043458 16.660107 48.524171
occl: 0
lock: 0
posv: 0.000000 0.000000 0.000000 0.000000
label: people
pos: 191.431938 166.461330 47.455429 26.899719
occl: 0
lock: 0
posv: 0.000000 0.000000 0.000000 0.000000
