setid: 7
volid: 9
frameid: 1200
name: 07009001200
num: 2
label: person
pos: 87.248309 174.011225 83.757317 110.531401
occl: 0
lock: 0
posv: 0.000000 0.000000 0.000000 0.000000
label: person?
pos: 459.044588 194.202806 14.972970 30.298555
occl: 1
lock: 0
posv: 459.921711 194.202806 10.115577 9.805794
