setid: 7
volid: 4
frameid: 270
name: 07004000270
num: 3
label: person-fa
pos: 50.260531 195.748918 23.932449 44.004825
occl: 0
lock: 0
posv: 0.000000 0.000000 0.000000 0.000000
label: person
pos: 471.147274 194.554891 35.505180 64.163482
occl: 0
lock: 0
posv: 0.000000 0.000000 0.000000 0.000000
label: person
pos: 167.013455 200.475141 10.860560 14.286300
occl: 0
lock: 1
posv: 0.000000 0.000000 0.000000 0.000000
