setid: 7
volid: 1
frameid: 1200
name: 07001001200
num: 1
label: people
pos: 569.088661 164.079035 63.305187 39.750278
occl: 0
lock: 0
posv: 0.000000 0.000000 0.000000 0.000000
