setid: 7
volid: 8
frameid: 930
name: 07008000930
num: 3
label: person
pos: 210.727053 191.544047 16.681401 44.889741
occl: 0
lock: 0
posv: 0.000000 0.000000 0.000000 0.000000
label: person
pos: 77.904330 186.775674 17.919722 48.506475
occl: 1
lock: 0
posv: 81.216391 187.370617 14.607660 44.793458
label: person
pos: 292.554021 191.885631 15.458937 25.100355
occl: 1
lock: 0
posv: 299.650095 191.885631 1.000000 25.100355
