setid: 7
volid: 9
frameid: 1290
name: 07009001290
num: 3
label: person
pos: 311.679169 187.625310 34.046774 59.308781
occl: 0
lock: 0
posv: 0.000000 0.000000 0.000000 0.000000
label: person
pos: 187.811233 198.711020 8.715382 20.946788
occl: 0
lock: 1
posv: 0.000000 0.000000 0.000000 0.000000
label: person?
pos: 461.118280 191.852834 12.510453 30.811948
occl: 1
lock: 1
posv: 461.199022 191.891020 12.367150 11.105104
