setid: 7
volid: 2
frameid: 1200
name: 07002001200
num: 4
label: person
pos: 631.524321 167.119321 6.693317 95.032071
occl: 1
lock: 0
posv: 637.195023 167.120746 1.000000 94.701147
label: person
pos: 472.866352 180.061035 14.668275 38.600724
occl: 0
lock: 0
posv: 0.000000 0.000000 0.000000 0.000000
label: person
pos: 437.846200 179.896864 13.896261 33.462587
occl: 1
lock: 0
posv: 441.369166 180.905066 9.961174 20.608203
label: person
pos: 633.695740 166.343338 4.077958 100.212563
occl: 1
lock: 0
posv: 636.483944 166.397454 1.289754 99.838305
