setid: 7
volid: 0
frameid: 810
name: 07000000810
num: 2
label: people
pos: 427.699695 162.880735 125.421664 86.939654
occl: 0
lock: 0
posv: 0.000000 0.000000 0.000000 0.000000
label: person
pos: 424.402458 167.169459 24.772511 77.630164
occl: 0
lock: 0
posv: 0.000000 0.000000 0.000000 0.000000
