setid: 7
volid: 5
frameid: 1590
name: 07005001590
num: 7
label: person
pos: 219.737946 182.851231 17.756333 33.196622
occl: 0
lock: 0
posv: 0.000000 0.000000 0.000000 0.000000
label: person
pos: 547.794624 164.874649 48.508270 123.200465
occl: 0
lock: 0
posv: 0.000000 0.000000 0.000000 0.000000
label: person?
pos: 615.070118 172.581175 21.438681 48.704369
occl: 0
lock: 0
posv: 0.000000 0.000000 0.000000 0.000000
label: person?
pos: 504.794401 174.976721 15.432740 45.172284
occl: 1
lock: 0
posv: 504.794401 174.976721 15.432740 45.172284
label: person
pos: 122.078798 186.393245 15.278550 26.452892
occl: 1
lock: 1
posv: 129.629048 186.686235 0.415842 26.159902
label: person
pos: 469.439893 173.291591 16.984318 42.678758
occl: 0
lock: 0
posv: 0.000000 0.000000 0.000000 0.000000
label: person
pos: 237.019082 178.432322 15.882026 34.119285
occl: 0
lock: 0
posv: 0.000000 0.000000 0.000000 0.000000
