setid: 7
volid: 8
frameid: 810
name: 07008000810
num: 5
label: person
pos: 89.210287 174.815715 17.919722 41.903995
occl: 1
lock: 1
posv: 95.080086 175.623707 0.376238 23.984632
label: person
pos: 290.388988 179.342549 11.145956 21.955159
occl: 0
lock: 0
posv: 0.000000 0.000000 0.000000 0.000000
label: people
pos: 520.074879 167.688406 44.057971 40.193237
occl: 0
lock: 0
posv: 0.000000 0.000000 0.000000 0.000000
label: person
pos: 66.415136 176.498055 17.735719 42.031024
occl: 1
lock: 1
posv: 77.114934 177.333694 1.000000 25.401653
label: person
pos: 17.174455 180.242187 18.983359 41.499336
occl: 0
lock: 0
posv: 0.000000 0.000000 0.000000 0.000000
