setid: 7
volid: 6
frameid: 1290
name: 07006001290
num: 1
label: person
pos: 60.648627 184.254798 14.297331 34.998030
occl: 1
lock: 0
posv: 64.800832 184.254798 8.044404 31.595117
