setid: 7
volid: 8
frameid: 270
name: 07008000270
num: 1
label: person
pos: 442.386545 180.215653 15.134456 31.592909
occl: 1
lock: 1
posv: 449.659642 180.215653 0.366337 15.882037
