setid: 7
volid: 8
frameid: 1230
name: 07008001230
num: 4
label: people
pos: 507.920148 173.212845 47.922705 60.330634
occl: 0
lock: 1
posv: 0.000000 0.000000 0.000000 0.000000
label: person
pos: 37.471128 181.066638 16.095254 38.598394
occl: 0
lock: 0
posv: 0.000000 0.000000 0.000000 0.000000
label: person
pos: 199.615939 186.908685 11.158697 27.019425
occl: 0
lock: 0
posv: 0.000000 0.000000 0.000000 0.000000
label: person
pos: 79.142725 183.399261 26.882069 53.815715
occl: 0
lock: 0
posv: 0.000000 0.000000 0.000000 0.000000
