setid: 7
volid: 8
frameid: 540
name: 07008000540
num: 3
label: person
pos: 364.666110 185.378801 14.177324 35.259793
occl: 1
lock: 0
posv: 365.128671 185.378801 12.171471 18.639162
label: person
pos: 13.424416 196.513291 11.954635 30.480512
occl: 0
lock: 1
posv: 0.000000 0.000000 0.000000 0.000000
label: person
pos: 380.516851 182.235891 19.793720 49.902080
occl: 0
lock: 0
posv: 0.000000 0.000000 0.000000 0.000000
