setid: 7
volid: 5
frameid: 270
name: 07005000270
num: 1
label: person
pos: 375.433446 186.746443 15.631982 33.850488
occl: 0
lock: 0
posv: 0.000000 0.000000 0.000000 0.000000
