setid: 7
volid: 5
frameid: 180
name: 07005000180
num: 1
label: person
pos: 366.033036 185.830264 15.238605 31.354712
occl: 0
lock: 0
posv: 0.000000 0.000000 0.000000 0.000000
