setid: 7
volid: 8
frameid: 1290
name: 07008001290
num: 4
label: person
pos: 535.915686 174.563029 24.836743 73.943592
occl: 0
lock: 0
posv: 0.000000 0.000000 0.000000 0.000000
label: person
pos: 170.684716 189.446642 12.203298 31.544970
occl: 0
lock: 0
posv: 0.000000 0.000000 0.000000 0.000000
label: person
pos: 162.020177 188.816220 12.725777 33.382935
occl: 0
lock: 0
posv: 0.000000 0.000000 0.000000 0.000000
label: person
pos: 567.096175 179.878909 22.204529 66.160218
occl: 0
lock: 0
posv: 0.000000 0.000000 0.000000 0.000000
