setid: 7
volid: 4
frameid: 1350
name: 07004001350
num: 2
label: person
pos: 249.595758 169.285455 14.739394 23.272727
occl: 0
lock: 0
posv: 0.000000 0.000000 0.000000 0.000000
label: person
pos: 275.068000 168.756477 13.124246 25.556778
occl: 0
lock: 0
posv: 0.000000 0.000000 0.000000 0.000000
