setid: 7
volid: 4
frameid: 480
name: 07004000480
num: 1
label: person
pos: 219.250302 157.807600 14.668275 29.768329
occl: 1
lock: 0
posv: 220.292521 158.010253 13.626055 20.072376
