setid: 7
volid: 11
frameid: 1710
name: 07011001710
num: 1
label: person
pos: 519.765700 173.099034 27.720447 67.246377
occl: 1
lock: 0
posv: 519.765700 173.099034 27.720447 36.013826
