setid: 7
volid: 11
frameid: 1140
name: 07011001140
num: 1
label: person
pos: 97.950980 179.336033 58.375107 124.700199
occl: 0
lock: 0
posv: 0.000000 0.000000 0.000000 0.000000
