setid: 7
volid: 11
frameid: 690
name: 07011000690
num: 6
label: people
pos: 283.369707 201.615374 34.782609 46.376812
occl: 0
lock: 0
posv: 0.000000 0.000000 0.000000 0.000000
label: person
pos: 548.801506 180.305040 39.628125 110.703796
occl: 0
lock: 1
posv: 0.000000 0.000000 0.000000 0.000000
label: person
pos: 384.565530 209.665161 23.332765 32.489344
occl: 0
lock: 1
posv: 0.000000 0.000000 0.000000 0.000000
label: person
pos: 586.564568 184.928105 31.103932 101.113061
occl: 0
lock: 1
posv: 0.000000 0.000000 0.000000 0.000000
label: person
pos: 252.944444 209.118357 13.913043 25.507246
occl: 0
lock: 1
posv: 0.000000 0.000000 0.000000 0.000000
label: person?
pos: 355.390326 206.518763 17.004831 46.078167
occl: 1
lock: 1
posv: 358.338286 206.518763 0.336634 21.328787
