setid: 7
volid: 11
frameid: 960
name: 07011000960
num: 4
label: people
pos: 155.559335 201.445183 36.254049 46.376812
occl: 0
lock: 0
posv: 0.000000 0.000000 0.000000 0.000000
label: person
pos: 532.287440 164.751208 55.652174 144.541063
occl: 0
lock: 0
posv: 0.000000 0.000000 0.000000 0.000000
label: person
pos: 264.121199 205.747513 25.612390 33.908781
occl: 0
lock: 0
posv: 0.000000 0.000000 0.000000 0.000000
label: person
pos: 125.378110 209.906243 13.140097 23.961353
occl: 0
lock: 0
posv: 0.000000 0.000000 0.000000 0.000000
