setid: 7
volid: 11
frameid: 180
name: 07011000180
num: 6
label: people
pos: 327.611111 196.287440 34.782609 43.285024
occl: 0
lock: 0
posv: 0.000000 0.000000 0.000000 0.000000
label: person
pos: 457.915689 184.853575 27.515310 64.588665
occl: 0
lock: 0
posv: 0.000000 0.000000 0.000000 0.000000
label: person
pos: 430.579447 205.487667 18.001374 29.545794
occl: 0
lock: 0
posv: 0.000000 0.000000 0.000000 0.000000
label: person
pos: 1.817318 202.738879 15.785730 51.965048
occl: 1
lock: 0
posv: 3.573743 202.738879 14.029306 38.173170
label: person
pos: 587.945517 177.950654 34.940537 85.801293
occl: 0
lock: 0
posv: 0.000000 0.000000 0.000000 0.000000
label: person
pos: 357.078126 181.911566 37.564816 93.335186
occl: 0
lock: 0
posv: 0.000000 0.000000 0.000000 0.000000
