setid: 7
volid: 10
frameid: 1290
name: 07010001290
num: 1
label: person
pos: 531.222080 144.409633 17.142654 53.423700
occl: 1
lock: 0
posv: 542.575040 144.409633 1.048885 53.423700
