setid: 7
volid: 10
frameid: 1050
name: 07010001050
num: 5
label: person
pos: 90.561002 187.117363 39.039631 94.090505
occl: 0
lock: 0
posv: 0.000000 0.000000 0.000000 0.000000
label: person
pos: 3.706877 185.960493 36.257950 116.314409
occl: 1
lock: 0
posv: 3.706877 185.960493 1.798980 113.605489
label: person
pos: 0.500000 206.513948 28.564583 93.580116
occl: 1
lock: 0
posv: 4.773406 206.513948 1.000000 43.500639
label: person
pos: 1.135716 189.687387 37.600506 94.256087
occl: 1
lock: 0
posv: 4.010552 190.965899 1.296875 63.689158
label: person
pos: 0.786418 197.748533 36.635419 92.697756
occl: 1
lock: 1
posv: 2.081498 197.748533 1.000000 54.795548
