setid: 7
volid: 10
frameid: 600
name: 07010000600
num: 5
label: person
pos: 14.997074 184.214550 28.591561 78.177856
occl: 1
lock: 0
posv: 22.968352 184.214550 1.275488 78.177856
label: person
pos: 4.167235 172.660273 29.792164 90.956460
occl: 1
lock: 0
posv: 4.167235 172.660273 1.114671 90.654114
label: person
pos: 3.936398 192.963589 17.499970 60.924415
occl: 1
lock: 0
posv: 3.936398 192.963589 1.000000 45.856288
label: person
pos: 4.318092 190.965899 23.588060 64.253545
occl: 1
lock: 0
posv: 4.318092 190.965899 1.228280 64.253545
label: person
pos: 2.826986 182.178429 29.107488 76.001701
occl: 1
lock: 0
posv: 3.152070 182.178429 1.000000 51.873140
