setid: 7
volid: 10
frameid: 210
name: 07010000210
num: 5
label: person
pos: 68.156646 188.809619 19.951833 61.835749
occl: 1
lock: 0
posv: 77.400823 188.809619 1.221721 61.835749
label: person
pos: 95.866999 184.301018 29.243348 62.468485
occl: 1
lock: 0
posv: 96.323245 184.464823 25.110680 36.894162
label: person
pos: 65.827406 190.754902 25.527835 56.739930
occl: 1
lock: 0
posv: 68.916880 190.754902 22.438362 45.734868
label: person
pos: 31.481202 188.668595 29.404803 64.234300
occl: 0
lock: 0
posv: 0.000000 0.000000 0.000000 0.000000
label: person
pos: 113.639836 188.333816 29.202311 57.568445
occl: 1
lock: 0
posv: 121.237755 188.440812 16.530650 40.453565
