setid: 7
volid: 11
frameid: 1350
name: 07011001350
num: 6
label: person
pos: 551.719324 158.400881 28.367150 81.836317
occl: 0
lock: 0
posv: 0.000000 0.000000 0.000000 0.000000
label: person
pos: 473.046647 173.253623 17.777778 49.468599
occl: 0
lock: 0
posv: 0.000000 0.000000 0.000000 0.000000
label: person
pos: 579.491554 157.325448 26.214364 70.923345
occl: 0
lock: 0
posv: 0.000000 0.000000 0.000000 0.000000
label: person
pos: 505.216632 164.144184 14.179710 53.455057
occl: 1
lock: 0
posv: 515.306257 164.144184 1.000000 52.738761
label: person
pos: 419.570190 181.993606 14.642796 38.091844
occl: 1
lock: 0
posv: 419.570190 181.993606 14.642796 38.091844
label: person
pos: 410.232589 180.191234 13.160121 32.624111
occl: 1
lock: 0
posv: 412.588338 180.191234 10.804372 17.941032
