setid: 7
volid: 11
frameid: 150
name: 07011000150
num: 7
label: people
pos: 334.413043 194.123188 31.690821 43.285024
occl: 0
lock: 0
posv: 0.000000 0.000000 0.000000 0.000000
label: person
pos: 458.573811 185.320087 22.697333 57.193846
occl: 0
lock: 0
posv: 0.000000 0.000000 0.000000 0.000000
label: person
pos: 434.810202 202.815885 20.096618 30.144928
occl: 0
lock: 0
posv: 0.000000 0.000000 0.000000 0.000000
label: person
pos: 403.279941 196.166122 17.777778 42.768828
occl: 1
lock: 0
posv: 404.655535 196.166122 11.871543 16.632540
label: person
pos: 3.080373 199.832007 14.701255 47.985223
occl: 1
lock: 0
posv: 3.080373 199.832007 1.000000 47.922705
label: person
pos: 565.461540 173.921242 31.553911 83.545926
occl: 0
lock: 0
posv: 0.000000 0.000000 0.000000 0.000000
label: person
pos: 290.804356 179.950850 47.870656 89.110233
occl: 0
lock: 0
posv: 0.000000 0.000000 0.000000 0.000000
