setid: 7
volid: 11
frameid: 90
name: 07011000090
num: 7
label: people
pos: 348.351852 189.975040 29.990338 41.867955
occl: 0
lock: 0
posv: 0.000000 0.000000 0.000000 0.000000
label: person
pos: 459.556585 181.210060 21.821328 46.656693
occl: 0
lock: 0
posv: 0.000000 0.000000 0.000000 0.000000
label: person
pos: 577.009182 178.398210 33.339710 70.934783
occl: 0
lock: 0
posv: 0.000000 0.000000 0.000000 0.000000
label: person
pos: 444.359095 195.306706 16.191851 30.090439
occl: 1
lock: 0
posv: 444.359095 195.306706 16.191851 30.090439
label: person
pos: 409.306562 189.822552 20.453535 49.057211
occl: 1
lock: 0
posv: 418.771720 189.851342 1.000000 19.996719
label: person
pos: 539.261050 171.794184 28.783035 71.044712
occl: 0
lock: 0
posv: 0.000000 0.000000 0.000000 0.000000
label: person
pos: 172.498441 178.037002 41.593430 83.395908
occl: 1
lock: 0
posv: 178.154087 178.037002 27.950672 31.367487
