setid: 7
volid: 10
frameid: 150
name: 07010000150
num: 5
label: person
pos: 21.800278 187.741972 12.851162 61.835749
occl: 0
lock: 0
posv: 0.000000 0.000000 0.000000 0.000000
label: person
pos: 94.976469 182.237634 29.240839 63.219076
occl: 1
lock: 0
posv: 94.976469 182.254589 29.013883 34.601627
label: person
pos: 68.894898 190.776373 25.353953 56.331790
occl: 0
lock: 0
posv: 0.000000 0.000000 0.000000 0.000000
label: person
pos: 34.409633 187.936488 29.902731 60.949151
occl: 1
lock: 0
posv: 34.409633 187.936488 29.404803 49.468599
label: person
pos: 135.709662 185.711594 28.420638 52.442636
occl: 1
lock: 0
posv: 139.175777 185.756039 24.954523 34.346039
