setid: 7
volid: 10
frameid: 720
name: 07010000720
num: 5
label: person
pos: 14.997074 182.834541 28.591561 79.557865
occl: 1
lock: 1
posv: 28.830924 182.834541 1.000000 78.286120
label: person
pos: 4.167235 172.464969 29.792164 91.151763
occl: 1
lock: 0
posv: 4.167235 172.464969 1.030177 91.151763
label: person
pos: 3.368037 195.049020 17.750865 62.409363
occl: 1
lock: 0
posv: 3.368037 195.582204 1.000000 39.878263
label: person
pos: 2.417993 190.965899 25.488160 64.258794
occl: 1
lock: 0
posv: 2.417993 190.965899 1.108567 64.258794
label: person
pos: 3.602431 187.118451 29.107488 70.596412
occl: 1
lock: 0
posv: 3.671924 187.402474 1.000000 51.220134
