setid: 7
volid: 11
frameid: 630
name: 07011000630
num: 5
label: people
pos: 296.200625 201.074311 34.782609 46.376812
occl: 0
lock: 0
posv: 0.000000 0.000000 0.000000 0.000000
label: person
pos: 549.410656 182.817908 38.049428 100.394057
occl: 0
lock: 0
posv: 0.000000 0.000000 0.000000 0.000000
label: person
pos: 397.613384 208.473004 21.813015 31.543052
occl: 0
lock: 0
posv: 0.000000 0.000000 0.000000 0.000000
label: person
pos: 575.107995 178.950649 34.940537 94.992185
occl: 0
lock: 0
posv: 0.000000 0.000000 0.000000 0.000000
label: person?
pos: 366.636661 204.566363 17.234990 45.962716
occl: 1
lock: 0
posv: 366.636661 204.566363 15.452716 16.218849
