setid: 7
volid: 10
frameid: 1350
name: 07010001350
num: 1
label: person
pos: 539.328469 138.084191 27.000525 71.974793
occl: 0
lock: 0
posv: 0.000000 0.000000 0.000000 0.000000
