setid: 7
volid: 10
frameid: 1020
name: 07010001020
num: 5
label: person
pos: 2.167187 183.415039 27.863819 89.494720
occl: 0
lock: 0
posv: 0.000000 0.000000 0.000000 0.000000
label: person
pos: 3.922670 187.155847 33.227113 89.717488
occl: 1
lock: 0
posv: 3.922670 191.591554 1.299721 84.346477
label: person
pos: 4.632554 197.649631 18.208145 72.499189
occl: 1
lock: 0
posv: 4.632554 197.649631 1.000000 43.050024
label: person
pos: 4.762628 190.849671 24.128076 71.605028
occl: 1
lock: 0
posv: 4.875326 190.965899 1.081937 61.743863
label: person
pos: 2.218511 190.932786 32.068333 78.781012
occl: 1
lock: 0
posv: 4.465097 190.932786 1.000000 45.115715
