setid: 7
volid: 10
frameid: 1230
name: 07010001230
num: 1
label: person
pos: 420.828502 152.693237 19.323671 49.334534
occl: 1
lock: 0
posv: 426.767678 153.022940 12.065684 49.004831
