setid: 7
volid: 11
frameid: 600
name: 07011000600
num: 5
label: people
pos: 302.693379 201.615374 34.782609 46.376812
occl: 0
lock: 0
posv: 0.000000 0.000000 0.000000 0.000000
label: person
pos: 550.252487 182.537298 33.955065 99.527056
occl: 1
lock: 1
posv: 550.252487 182.537298 33.955065 47.402142
label: person
pos: 403.544757 207.966468 21.813015 31.543052
occl: 0
lock: 0
posv: 0.000000 0.000000 0.000000 0.000000
label: person
pos: 577.173203 178.744530 36.798642 97.745090
occl: 1
lock: 1
posv: 580.258170 178.744530 33.713675 45.532356
label: person?
pos: 372.871000 204.170700 17.004831 47.157034
occl: 1
lock: 0
posv: 372.910320 205.025580 12.985957 15.134969
