setid: 7
volid: 10
frameid: 360
name: 07010000360
num: 5
label: person
pos: 101.937478 190.233021 25.191509 61.835749
occl: 0
lock: 0
posv: 0.000000 0.000000 0.000000 0.000000
label: person
pos: 57.899292 187.986516 31.403571 68.691016
occl: 1
lock: 0
posv: 60.066468 187.986516 29.223643 51.944615
label: person
pos: 25.359650 193.897530 30.482291 55.384406
occl: 1
lock: 0
posv: 25.359650 193.897530 29.467965 24.415252
label: person
pos: 5.125320 190.965899 24.768024 64.234300
occl: 1
lock: 0
posv: 5.125320 190.965899 17.113034 64.234300
label: person
pos: 55.121313 187.658182 30.817546 67.564395
occl: 1
lock: 0
posv: 65.731982 191.462705 1.000000 42.512077
