setid: 7
volid: 11
frameid: 840
name: 07011000840
num: 4
label: people
pos: 206.543348 204.430276 35.606616 46.376812
occl: 0
lock: 0
posv: 0.000000 0.000000 0.000000 0.000000
label: person
pos: 315.126052 210.419572 25.612390 33.908781
occl: 0
lock: 0
posv: 0.000000 0.000000 0.000000 0.000000
label: person
pos: 137.986719 211.364643 13.140097 23.961353
occl: 0
lock: 0
posv: 0.000000 0.000000 0.000000 0.000000
label: person?
pos: 282.242135 208.246377 16.858323 47.762508
occl: 1
lock: 0
posv: 289.690660 208.284584 1.000000 19.626186
