setid: 7
volid: 11
frameid: 450
name: 07011000450
num: 5
label: people
pos: 327.692242 199.581273 34.782609 46.376812
occl: 0
lock: 0
posv: 0.000000 0.000000 0.000000 0.000000
label: person
pos: 524.916656 180.941461 35.668688 85.646508
occl: 1
lock: 1
posv: 524.916656 180.941461 34.101671 83.009109
label: person
pos: 429.312731 206.022023 21.813015 31.543052
occl: 1
lock: 0
posv: 442.094565 206.022023 1.056106 31.543052
label: person
pos: 601.529573 175.491224 34.441317 92.447239
occl: 0
lock: 0
posv: 0.000000 0.000000 0.000000 0.000000
label: person?
pos: 393.587772 203.397453 17.004831 43.616278
occl: 1
lock: 0
posv: 399.971902 204.561572 1.000000 17.076180
