setid: 7
volid: 10
frameid: 840
name: 07010000840
num: 5
label: person
pos: 14.997074 183.117124 28.591561 79.275281
occl: 1
lock: 0
posv: 42.588635 183.117124 1.000000 79.275281
label: person
pos: 4.167235 172.342530 29.792164 91.274202
occl: 1
lock: 0
posv: 4.167235 172.342530 1.102601 91.274202
label: person
pos: 4.515345 193.132393 15.288441 62.563762
occl: 1
lock: 0
posv: 4.515345 193.132393 1.000000 45.403378
label: person
pos: 5.020057 190.096123 22.886096 65.104076
occl: 1
lock: 0
posv: 5.020057 190.096123 1.000000 65.104076
label: person
pos: 2.361720 186.341340 29.107488 70.675623
occl: 1
lock: 0
posv: 4.506462 186.341340 1.248144 67.055522
