setid: 7
volid: 11
frameid: 810
name: 07011000810
num: 6
label: people
pos: 229.030492 205.968315 34.782609 46.376812
occl: 0
lock: 0
posv: 0.000000 0.000000 0.000000 0.000000
label: person
pos: 596.703240 152.384058 41.477920 174.685990
occl: 0
lock: 0
posv: 0.000000 0.000000 0.000000 0.000000
label: person
pos: 334.038025 211.921932 19.088728 28.960139
occl: 0
lock: 0
posv: 0.000000 0.000000 0.000000 0.000000
label: person
pos: 145.170219 212.319835 13.140097 23.961353
occl: 0
lock: 0
posv: 0.000000 0.000000 0.000000 0.000000
label: person
pos: 142.978211 208.726466 1.776716 25.507246
occl: 0
lock: 0
posv: 0.000000 0.000000 0.000000 0.000000
label: person?
pos: 302.279821 208.990987 17.415405 47.431469
occl: 1
lock: 1
posv: 302.279821 208.990987 13.860381 15.955614
