setid: 7
volid: 10
frameid: 780
name: 07010000780
num: 5
label: person
pos: 14.997074 181.525423 28.591561 80.866983
occl: 1
lock: 0
posv: 42.530201 181.525423 1.058434 80.866983
label: person
pos: 4.167235 172.660273 29.792164 90.956460
occl: 1
lock: 0
posv: 4.167235 173.036349 1.078459 90.580383
label: person
pos: 4.515345 195.049020 16.317774 60.318193
occl: 1
lock: 0
posv: 4.515345 195.199087 1.000000 39.594266
label: person
pos: 4.125320 189.565556 23.780833 65.634643
occl: 1
lock: 0
posv: 4.125320 189.565556 1.000000 65.634643
label: person
pos: 2.904531 182.382493 29.107488 76.030270
occl: 1
lock: 0
posv: 3.445328 182.382493 1.000000 52.526146
