setid: 7
volid: 11
frameid: 1560
name: 07011001560
num: 2
label: person
pos: 526.787866 165.561949 23.674908 64.429760
occl: 0
lock: 0
posv: 0.000000 0.000000 0.000000 0.000000
label: person
pos: 463.513896 169.091219 19.955527 42.308068
occl: 1
lock: 0
posv: 464.384503 169.091219 18.607066 33.965731
