setid: 7
volid: 10
frameid: 660
name: 07010000660
num: 5
label: person
pos: 14.997074 184.214550 28.591561 78.177856
occl: 1
lock: 0
posv: 27.823206 184.214550 1.000000 77.916264
label: person
pos: 4.167235 172.660273 29.792164 90.956460
occl: 1
lock: 0
posv: 4.167235 173.036349 1.018106 90.580383
label: person
pos: 3.426960 195.049020 18.729210 58.345916
occl: 1
lock: 0
posv: 3.426960 195.368930 1.000000 37.634261
label: person
pos: 4.068934 190.965899 23.837218 66.874316
occl: 1
lock: 0
posv: 4.068934 190.965899 1.056386 66.874316
label: person
pos: 2.826986 179.403154 29.107488 78.156619
occl: 1
lock: 0
posv: 3.042556 179.403154 1.000000 51.856693
