setid: 7
volid: 11
frameid: 510
name: 07011000510
num: 5
label: people
pos: 322.613811 201.032253 34.782609 46.376812
occl: 0
lock: 0
posv: 0.000000 0.000000 0.000000 0.000000
label: person
pos: 546.652487 180.137298 41.050000 95.788115
occl: 0
lock: 0
posv: 0.000000 0.000000 0.000000 0.000000
label: person
pos: 419.900966 206.365161 21.813015 31.543052
occl: 1
lock: 0
posv: 419.900966 206.365161 21.813015 31.543052
label: person
pos: 594.964052 177.273941 34.940537 93.126005
occl: 0
lock: 0
posv: 0.000000 0.000000 0.000000 0.000000
label: person?
pos: 391.422127 201.393436 17.239283 46.137259
occl: 1
lock: 0
posv: 391.422127 201.425496 14.831556 18.174530
