setid: 7
volid: 11
frameid: 1260
name: 07011001260
num: 2
label: person
pos: 469.288292 186.567065 20.096618 44.057971
occl: 0
lock: 0
posv: 0.000000 0.000000 0.000000 0.000000
label: person
pos: 510.816652 179.122307 16.231884 45.603865
occl: 1
lock: 0
posv: 510.816652 179.122307 16.231884 45.603865
