setid: 7
volid: 11
frameid: 1590
name: 07011001590
num: 3
label: person
pos: 577.326954 158.991560 34.954035 88.987624
occl: 0
lock: 0
posv: 0.000000 0.000000 0.000000 0.000000
label: person
pos: 476.551048 168.525453 21.688278 50.718252
occl: 1
lock: 0
posv: 476.551048 169.952089 17.786902 37.437351
label: person
pos: 425.427035 171.492777 12.523516 42.136347
occl: 1
lock: 0
posv: 425.427035 171.492777 12.523516 42.136347
