setid: 7
volid: 11
frameid: 1380
name: 07011001380
num: 4
label: person
pos: 511.628730 167.533816 19.653879 61.835749
occl: 0
lock: 0
posv: 0.000000 0.000000 0.000000 0.000000
label: person
pos: 553.625190 141.290322 18.585507 79.956124
occl: 1
lock: 0
posv: 557.613825 149.232351 1.141627 72.014095
label: person
pos: 432.291716 179.520458 18.311594 37.021606
occl: 1
lock: 0
posv: 432.291716 179.520458 18.311594 37.021606
label: person
pos: 421.673213 177.764797 14.585092 35.935609
occl: 1
lock: 1
posv: 421.673213 177.764797 12.310904 18.721167
