setid: 7
volid: 11
frameid: 1470
name: 07011001470
num: 2
label: person
pos: 539.620420 168.634101 24.762122 57.345910
occl: 0
lock: 0
posv: 0.000000 0.000000 0.000000 0.000000
label: person
pos: 510.794629 167.681088 20.518200 52.268261
occl: 1
lock: 0
posv: 510.794629 167.801023 20.518200 30.743522
