setid: 7
volid: 11
frameid: 870
name: 07011000870
num: 4
label: people
pos: 190.921796 203.791844 36.254049 46.376812
occl: 0
lock: 0
posv: 0.000000 0.000000 0.000000 0.000000
label: person
pos: 301.045535 210.734513 19.651850 29.797697
occl: 0
lock: 0
posv: 0.000000 0.000000 0.000000 0.000000
label: person
pos: 131.900551 209.196494 13.140097 23.961353
occl: 1
lock: 0
posv: 141.641977 209.196494 1.000000 23.918553
label: person?
pos: 261.835375 204.024314 16.638213 48.107350
occl: 1
lock: 0
posv: 269.562289 204.735857 1.000000 18.780584
