setid: 7
volid: 11
frameid: 1680
name: 07011001680
num: 1
label: person
pos: 507.003055 173.135288 18.669963 61.434519
occl: 0
lock: 0
posv: 0.000000 0.000000 0.000000 0.000000
