setid: 7
volid: 11
frameid: 1200
name: 07011001200
num: 1
label: person
pos: 243.341046 184.505572 21.913043 52.229269
occl: 1
lock: 0
posv: 244.106803 184.505572 18.347296 30.305603
