setid: 7
volid: 11
frameid: 780
name: 07011000780
num: 6
label: people
pos: 246.950099 204.807531 34.782609 46.376812
occl: 0
lock: 0
posv: 0.000000 0.000000 0.000000 0.000000
label: person
pos: 572.325408 163.796287 57.817104 160.181974
occl: 0
lock: 0
posv: 0.000000 0.000000 0.000000 0.000000
label: person
pos: 349.938281 212.995084 24.161770 29.899550
occl: 0
lock: 0
posv: 0.000000 0.000000 0.000000 0.000000
label: person
pos: 150.918585 212.822251 13.140097 23.961353
occl: 0
lock: 0
posv: 0.000000 0.000000 0.000000 0.000000
label: person
pos: 172.527675 211.712790 3.641424 24.300593
occl: 0
lock: 0
posv: 0.000000 0.000000 0.000000 0.000000
label: person?
pos: 319.142193 207.981938 19.562973 47.561681
occl: 1
lock: 0
posv: 319.142193 208.346044 15.131080 16.835317
