setid: 7
volid: 10
frameid: 390
name: 07010000390
num: 5
label: person
pos: 81.972526 194.301475 26.350328 62.488991
occl: 0
lock: 0
posv: 0.000000 0.000000 0.000000 0.000000
label: person
pos: 43.934461 187.227039 32.174771 71.833370
occl: 1
lock: 0
posv: 44.198821 187.362660 29.223643 51.998863
label: person
pos: 7.785308 193.878528 30.908100 57.511541
occl: 1
lock: 0
posv: 7.785308 193.878528 30.908100 26.093317
label: person
pos: 4.144367 190.965899 23.761785 64.234300
occl: 1
lock: 0
posv: 4.144367 190.965899 1.030000 64.234300
label: person
pos: 36.463444 189.884676 32.304158 65.494191
occl: 1
lock: 0
posv: 51.048506 191.558624 1.000000 37.436798
