setid: 7
volid: 10
frameid: 300
name: 07010000300
num: 5
label: person
pos: 129.972005 186.771384 25.191509 61.835749
occl: 0
lock: 0
posv: 0.000000 0.000000 0.000000 0.000000
label: person
pos: 84.381284 186.347517 31.831760 67.417253
occl: 1
lock: 0
posv: 85.780193 186.347517 29.223643 50.410084
label: person
pos: 52.909439 196.456536 31.041812 50.996614
occl: 1
lock: 0
posv: 55.040750 196.523956 27.148150 19.424211
label: person
pos: 19.817967 190.864919 29.404803 64.234300
occl: 0
lock: 0
posv: 0.000000 0.000000 0.000000 0.000000
label: person
pos: 84.082677 188.363513 27.277372 60.973584
occl: 1
lock: 0
posv: 89.539133 189.862705 1.000000 42.512077
