setid: 7
volid: 10
frameid: 540
name: 07010000540
num: 5
label: person
pos: 22.538279 177.314152 28.591561 78.177856
occl: 0
lock: 0
posv: 0.000000 0.000000 0.000000 0.000000
label: person
pos: 4.167235 172.660273 29.792164 90.956460
occl: 1
lock: 0
posv: 4.167235 172.660273 1.000000 88.776722
label: person
pos: 4.298384 195.049020 14.551768 62.829431
occl: 1
lock: 0
posv: 4.298384 195.049020 1.000000 42.438539
label: person
pos: 4.125320 190.965899 23.780833 64.234300
occl: 1
lock: 0
posv: 4.125320 190.965899 1.000000 64.200112
label: person
pos: 3.137164 179.105043 29.107488 79.075086
occl: 1
lock: 0
posv: 5.405177 179.105043 1.000000 57.618880
