setid: 7
volid: 10
frameid: 630
name: 07010000630
num: 5
label: person
pos: 14.997074 184.214550 28.591561 78.177856
occl: 1
lock: 0
posv: 24.342359 184.214550 1.261289 78.177856
label: person
pos: 4.167235 172.660273 29.792164 90.956460
occl: 1
lock: 0
posv: 4.167235 172.798827 1.072424 90.420738
label: person
pos: 3.515345 195.049020 16.190561 57.359777
occl: 1
lock: 0
posv: 3.515345 195.049020 1.000000 43.573589
label: person
pos: 3.876287 190.965899 24.029865 65.410302
occl: 1
lock: 0
posv: 3.876287 190.965899 1.249033 65.410302
label: person
pos: 2.671898 178.668523 29.107488 80.442139
occl: 1
lock: 0
posv: 2.813749 178.668523 1.000000 52.784234
