setid: 7
volid: 10
frameid: 810
name: 07010000810
num: 5
label: person
pos: 14.997074 183.117124 28.591561 79.275281
occl: 1
lock: 0
posv: 42.588635 183.117124 1.000000 79.275281
label: person
pos: 4.167235 172.660273 29.792164 90.956460
occl: 1
lock: 0
posv: 4.167235 172.954723 1.012071 90.662009
label: person
pos: 4.515345 195.049020 14.868500 61.633045
occl: 1
lock: 0
posv: 4.515345 195.242840 1.000000 39.623637
label: person
pos: 4.230583 190.096123 23.675569 65.104076
occl: 1
lock: 0
posv: 4.230583 190.096123 1.000000 65.104076
label: person
pos: 0.965920 181.443797 29.107488 77.434232
occl: 1
lock: 0
posv: 4.506462 181.443797 1.029193 52.362894
