setid: 7
volid: 11
frameid: 930
name: 07011000930
num: 4
label: people
pos: 169.139528 200.318983 36.254049 46.376812
occl: 0
lock: 0
posv: 0.000000 0.000000 0.000000 0.000000
label: person
pos: 545.619409 164.596618 64.166027 144.541063
occl: 0
lock: 0
posv: 0.000000 0.000000 0.000000 0.000000
label: person
pos: 279.712389 207.357709 21.121463 28.787116
occl: 0
lock: 0
posv: 0.000000 0.000000 0.000000 0.000000
label: person
pos: 128.593208 208.054675 13.140097 23.961353
occl: 0
lock: 0
posv: 0.000000 0.000000 0.000000 0.000000
