setid: 7
volid: 10
frameid: 870
name: 07010000870
num: 5
label: person
pos: 12.600560 182.586557 28.284401 81.564430
occl: 1
lock: 0
posv: 38.720699 182.586557 1.000000 81.564430
label: person
pos: 3.483024 172.660273 30.476374 90.956460
occl: 1
lock: 0
posv: 3.483024 174.383173 1.036212 89.233559
label: person
pos: 3.831135 194.354908 19.533807 64.984016
occl: 1
lock: 0
posv: 3.831135 194.354908 1.000000 45.679306
label: person
pos: 5.125320 190.691233 22.780833 64.508966
occl: 1
lock: 0
posv: 5.125320 190.691233 1.000000 62.409442
label: person
pos: 2.439264 187.661262 29.107488 71.294311
occl: 1
lock: 0
posv: 3.445328 189.647181 1.464504 57.872630
