setid: 7
volid: 11
frameid: 1740
name: 07011001740
num: 1
label: person
pos: 541.553382 140.049510 30.225352 131.922971
occl: 1
lock: 0
posv: 570.764401 141.650511 1.014333 128.951058
