setid: 7
volid: 10
frameid: 1110
name: 07010001110
num: 4
label: person
pos: 459.753879 164.575476 47.489969 169.482239
occl: 0
lock: 0
posv: 0.000000 0.000000 0.000000 0.000000
label: person
pos: 556.205504 189.281075 49.906173 144.669820
occl: 0
lock: 1
posv: 0.000000 0.000000 0.000000 0.000000
label: person
pos: 513.021872 157.379582 68.222864 147.176271
occl: 1
lock: 0
posv: 517.943074 159.262837 56.590576 65.803663
label: person
pos: 301.696505 169.543478 62.272947 154.920361
occl: 0
lock: 1
posv: 0.000000 0.000000 0.000000 0.000000
