setid: 7
volid: 11
frameid: 1080
name: 07011001080
num: 5
label: people
pos: 18.283902 197.700455 30.756820 46.376812
occl: 0
lock: 0
posv: 0.000000 0.000000 0.000000 0.000000
label: person
pos: 536.461353 171.862319 44.367150 115.169082
occl: 0
lock: 0
posv: 0.000000 0.000000 0.000000 0.000000
label: person
pos: 273.889713 164.184910 45.475419 115.169082
occl: 0
lock: 0
posv: 0.000000 0.000000 0.000000 0.000000
label: person
pos: 123.950412 203.660557 25.612390 33.908781
occl: 0
lock: 0
posv: 0.000000 0.000000 0.000000 0.000000
label: person
pos: 96.605428 193.949844 17.777778 44.731084
occl: 1
lock: 0
posv: 102.105952 198.295519 10.181327 40.385408
