setid: 7
volid: 10
frameid: 420
name: 07010000420
num: 5
label: person
pos: 65.929952 191.920290 27.614495 63.201620
occl: 0
lock: 0
posv: 0.000000 0.000000 0.000000 0.000000
label: person
pos: 23.502393 183.462494 36.404206 76.226941
occl: 1
lock: 0
posv: 29.255001 183.462494 29.223643 50.748645
label: person
pos: 4.219504 194.457336 24.638991 60.777203
occl: 1
lock: 0
posv: 5.559550 195.049020 11.432864 24.333839
label: person
pos: 5.125320 190.965899 22.780833 64.234300
occl: 1
lock: 0
posv: 5.125320 190.965899 1.025714 63.795937
label: person
pos: 17.762747 185.045821 33.217089 71.398579
occl: 1
lock: 0
posv: 33.871292 185.045821 1.000000 45.676239
