setid: 7
volid: 10
frameid: 750
name: 07010000750
num: 5
label: person
pos: 14.997074 181.525423 28.591561 80.866983
occl: 1
lock: 0
posv: 36.993495 181.525423 1.044949 80.866983
label: person
pos: 4.167235 172.660273 29.792164 90.956460
occl: 1
lock: 0
posv: 4.167235 172.669033 1.060353 90.947699
label: person
pos: 4.041661 195.049020 18.075261 63.112253
occl: 1
lock: 0
posv: 4.041661 195.049020 1.000000 40.344668
label: person
pos: 3.088165 190.099994 24.817987 65.115952
occl: 1
lock: 0
posv: 3.088165 190.099994 1.009380 65.115952
label: person
pos: 1.043465 184.953703 29.107488 74.079415
occl: 1
lock: 0
posv: 3.322889 184.953703 1.000000 52.036391
