setid: 7
volid: 10
frameid: 60
name: 07010000060
num: 4
label: person
pos: 178.613714 185.395727 29.216413 48.514692
occl: 0
lock: 0
posv: 0.000000 0.000000 0.000000 0.000000
label: person
pos: 104.799123 194.163142 27.311988 55.170191
occl: 0
lock: 1
posv: 0.000000 0.000000 0.000000 0.000000
label: person
pos: 38.650492 188.710997 29.376012 56.801674
occl: 0
lock: 0
posv: 0.000000 0.000000 0.000000 0.000000
label: person
pos: 228.440287 185.426342 27.201081 61.897850
occl: 1
lock: 0
posv: 241.812884 188.404825 0.746519 36.646140
