setid: 7
volid: 11
frameid: 360
name: 07011000360
num: 4
label: people
pos: 332.045183 200.306763 34.782609 46.376812
occl: 0
lock: 0
posv: 0.000000 0.000000 0.000000 0.000000
label: person
pos: 487.570063 185.172833 30.802199 73.608877
occl: 0
lock: 0
posv: 0.000000 0.000000 0.000000 0.000000
label: person
pos: 429.312731 206.022023 21.813015 31.543052
occl: 0
lock: 0
posv: 0.000000 0.000000 0.000000 0.000000
label: person
pos: 600.297954 174.896846 34.940537 85.801293
occl: 0
lock: 0
posv: 0.000000 0.000000 0.000000 0.000000
