setid: 7
volid: 10
frameid: 480
name: 07010000480
num: 5
label: person
pos: 37.508592 181.048624 22.593582 77.166116
occl: 0
lock: 0
posv: 0.000000 0.000000 0.000000 0.000000
label: person
pos: 4.167235 172.660273 30.422949 90.445459
occl: 1
lock: 0
posv: 4.167235 172.824048 18.686721 89.576847
label: person
pos: 3.571696 194.460852 16.541372 62.260868
occl: 1
lock: 0
posv: 3.571696 195.049020 1.000000 39.328218
label: person
pos: 5.027871 190.880976 22.878281 64.319223
occl: 1
lock: 0
posv: 5.027871 190.880976 1.000000 63.322877
label: person
pos: 0.889861 179.341048 26.960607 76.071342
occl: 1
lock: 0
posv: 5.281906 179.341048 1.000000 47.133525
