setid: 7
volid: 10
frameid: 930
name: 07010000930
num: 5
label: person
pos: 3.563250 184.214550 23.342321 84.284180
occl: 0
lock: 0
posv: 0.000000 0.000000 0.000000 0.000000
label: person
pos: 3.409947 172.660273 30.549452 90.956460
occl: 1
lock: 0
posv: 3.409947 175.653473 1.132288 87.963259
label: person
pos: 4.515345 195.049020 15.279035 61.697135
occl: 1
lock: 0
posv: 5.799843 195.049020 1.000000 43.606838
label: person
pos: 3.979028 190.965899 23.927125 65.384056
occl: 1
lock: 0
posv: 3.979028 190.965899 1.146292 65.384056
label: person
pos: 3.137164 187.575929 29.107488 69.285945
occl: 1
lock: 0
posv: 4.312601 187.575929 1.000000 53.117932
