setid: 7
volid: 11
frameid: 1500
name: 07011001500
num: 4
label: person
pos: 468.934356 170.941922 19.323671 45.603865
occl: 0
lock: 0
posv: 0.000000 0.000000 0.000000 0.000000
label: person
pos: 602.968756 156.689003 27.886405 73.672537
occl: 0
lock: 0
posv: 0.000000 0.000000 0.000000 0.000000
label: person
pos: 549.298603 159.452430 28.396962 66.572611
occl: 1
lock: 0
posv: 555.048378 159.452430 22.621281 38.344899
label: person
pos: 443.404558 172.220077 15.900543 35.555320
occl: 0
lock: 0
posv: 0.000000 0.000000 0.000000 0.000000
