setid: 7
volid: 11
frameid: 570
name: 07011000570
num: 5
label: people
pos: 309.295340 201.180080 34.782609 46.376812
occl: 0
lock: 0
posv: 0.000000 0.000000 0.000000 0.000000
label: person
pos: 550.252487 182.537298 37.803105 97.901429
occl: 0
lock: 0
posv: 0.000000 0.000000 0.000000 0.000000
label: person
pos: 409.644975 207.585204 21.813015 31.543052
occl: 0
lock: 0
posv: 0.000000 0.000000 0.000000 0.000000
label: person
pos: 584.669935 178.744530 34.940537 93.939862
occl: 0
lock: 0
posv: 0.000000 0.000000 0.000000 0.000000
label: person?
pos: 379.031690 203.010325 17.004831 45.605992
occl: 1
lock: 0
posv: 379.422277 204.179564 13.245517 15.962427
