setid: 7
volid: 11
frameid: 1320
name: 07011001320
num: 5
label: person
pos: 503.512276 172.808610 25.837965 61.198636
occl: 0
lock: 0
posv: 0.000000 0.000000 0.000000 0.000000
label: person
pos: 450.432367 176.036232 15.690821 49.468599
occl: 0
lock: 0
posv: 0.000000 0.000000 0.000000 0.000000
label: person
pos: 546.431806 167.997549 21.135550 56.867548
occl: 1
lock: 1
posv: 556.549086 167.997549 0.900990 56.867548
label: person
pos: 469.137681 173.116368 16.231884 44.057971
occl: 1
lock: 1
posv: 476.633376 173.116368 0.693069 44.057971
label: person
pos: 411.415059 185.958824 13.913043 34.782609
occl: 0
lock: 0
posv: 0.000000 0.000000 0.000000 0.000000
