setid: 7
volid: 10
frameid: 1830
name: 07010001830
num: 1
label: person
pos: 295.879624 167.955212 49.439213 137.888891
occl: 1
lock: 0
posv: 302.644928 167.955212 42.673909 43.868460
