setid: 7
volid: 11
frameid: 720
name: 07011000720
num: 6
label: people
pos: 272.451080 202.993805 34.782609 46.376812
occl: 0
lock: 0
posv: 0.000000 0.000000 0.000000 0.000000
label: person
pos: 548.315742 176.235907 49.758905 126.323372
occl: 0
lock: 0
posv: 0.000000 0.000000 0.000000 0.000000
label: person
pos: 374.942578 211.391799 21.781120 29.397834
occl: 0
lock: 0
posv: 0.000000 0.000000 0.000000 0.000000
label: person
pos: 599.786445 185.242683 34.940537 108.594132
occl: 0
lock: 0
posv: 0.000000 0.000000 0.000000 0.000000
label: person
pos: 224.764723 210.795174 13.489811 24.657496
occl: 0
lock: 0
posv: 0.000000 0.000000 0.000000 0.000000
label: person?
pos: 345.046121 207.210607 17.077607 46.471946
occl: 1
lock: 0
posv: 345.046121 207.210607 13.231957 15.227361
