setid: 7
volid: 10
frameid: 510
name: 07010000510
num: 5
label: person
pos: 29.155926 177.948252 28.591561 79.749638
occl: 1
lock: 0
posv: 41.757236 177.948252 1.243812 78.598920
label: person
pos: 3.515061 172.660273 30.444338 90.956460
occl: 1
lock: 0
posv: 3.515061 172.660273 1.000000 88.270998
label: person
pos: 4.298384 192.404130 15.367302 64.355345
occl: 1
lock: 0
posv: 4.298384 195.049020 1.000000 39.328218
label: person
pos: 4.112405 190.965899 23.793747 64.234300
occl: 1
lock: 0
posv: 4.112405 190.965899 1.012914 63.166983
label: person
pos: 4.162474 178.599319 29.107488 79.246773
occl: 1
lock: 0
posv: 5.551626 178.599319 1.000000 48.010114
