setid: 7
volid: 11
frameid: 1020
name: 07011001020
num: 3
label: people
pos: 77.697329 198.180477 29.969096 46.376812
occl: 0
lock: 0
posv: 0.000000 0.000000 0.000000 0.000000
label: person
pos: 400.553424 175.572464 48.809889 111.304348
occl: 0
lock: 0
posv: 0.000000 0.000000 0.000000 0.000000
label: person
pos: 183.699204 204.704035 25.612390 33.908781
occl: 0
lock: 0
posv: 0.000000 0.000000 0.000000 0.000000
