setid: 7
volid: 11
frameid: 480
name: 07011000480
num: 5
label: people
pos: 327.692242 199.581273 34.782609 46.376812
occl: 0
lock: 0
posv: 0.000000 0.000000 0.000000 0.000000
label: person
pos: 537.284839 179.834784 40.611111 88.825801
occl: 1
lock: 1
posv: 555.862271 179.834784 1.282236 74.575807
label: person
pos: 424.900966 206.022023 21.813015 31.543052
occl: 1
lock: 1
posv: 436.294545 206.022023 0.550722 31.543052
label: person
pos: 597.918954 174.587667 34.940537 85.801293
occl: 1
lock: 0
posv: 617.457726 177.140539 1.000000 58.891065
label: person?
pos: 392.406852 201.500618 18.656787 48.408106
occl: 1
lock: 0
posv: 397.740070 201.854748 1.000000 20.812367
