setid: 7
volid: 11
frameid: 1110
name: 07011001110
num: 4
label: person
pos: 411.424695 178.923416 57.002558 115.310031
occl: 0
lock: 0
posv: 0.000000 0.000000 0.000000 0.000000
label: person
pos: 194.266468 169.777636 38.892356 106.290423
occl: 0
lock: 0
posv: 0.000000 0.000000 0.000000 0.000000
label: person
pos: 64.367462 205.546320 25.612390 33.908781
occl: 0
lock: 0
posv: 0.000000 0.000000 0.000000 0.000000
label: person
pos: 35.609880 196.694942 20.399675 44.057971
occl: 1
lock: 1
posv: 42.244065 197.499097 13.765490 42.633023
