setid: 7
volid: 11
frameid: 300
name: 07011000300
num: 5
label: people
pos: 327.443777 200.306763 34.782609 46.376812
occl: 0
lock: 0
posv: 0.000000 0.000000 0.000000 0.000000
label: person
pos: 475.523004 186.961068 25.839692 70.954427
occl: 0
lock: 0
posv: 0.000000 0.000000 0.000000 0.000000
label: person
pos: 429.312731 206.022023 21.813015 31.543052
occl: 0
lock: 0
posv: 0.000000 0.000000 0.000000 0.000000
label: person
pos: 596.877380 176.741830 34.940537 85.801293
occl: 0
lock: 0
posv: 0.000000 0.000000 0.000000 0.000000
label: person
pos: 595.957649 179.585516 33.222948 75.827559
occl: 1
lock: 0
posv: 609.207337 182.072199 1.172932 66.198494
