setid: 7
volid: 11
frameid: 660
name: 07011000660
num: 5
label: people
pos: 291.408355 200.997016 34.782609 46.376812
occl: 0
lock: 0
posv: 0.000000 0.000000 0.000000 0.000000
label: person
pos: 548.090168 182.832950 37.991315 102.484108
occl: 0
lock: 0
posv: 0.000000 0.000000 0.000000 0.000000
label: person
pos: 393.724496 208.669082 21.813015 31.543052
occl: 0
lock: 0
posv: 0.000000 0.000000 0.000000 0.000000
label: person
pos: 574.184394 181.217960 33.239377 94.992185
occl: 1
lock: 0
posv: 574.184394 181.217960 33.239377 94.992185
label: person?
pos: 362.132134 205.734627 17.004831 45.621592
occl: 1
lock: 0
posv: 368.124405 205.734627 1.000000 21.317432
