setid: 7
volid: 10
frameid: 30
name: 07010000030
num: 3
label: person
pos: 216.612954 184.398939 21.357205 43.419089
occl: 1
lock: 0
posv: 227.389284 184.591329 7.645807 25.863071
label: person
pos: 130.260225 192.225625 26.176661 47.194119
occl: 1
lock: 0
posv: 146.692013 192.395252 1.000000 35.672810
label: person
pos: 59.135591 188.814265 30.564491 56.256082
occl: 1
lock: 1
posv: 64.987264 188.814265 20.616189 29.841885
