setid: 7
volid: 10
frameid: 1200
name: 07010001200
num: 1
label: person
pos: 277.678744 158.103865 16.231884 44.443010
occl: 1
lock: 0
posv: 281.180362 158.488903 9.277196 44.057971
