setid: 7
volid: 11
frameid: 120
name: 07011000120
num: 7
label: people
pos: 341.562802 192.461353 31.690821 43.285024
occl: 0
lock: 0
posv: 0.000000 0.000000 0.000000 0.000000
label: person
pos: 458.548484 182.149839 22.845854 56.148219
occl: 0
lock: 0
posv: 0.000000 0.000000 0.000000 0.000000
label: person
pos: 438.336203 199.683177 20.096618 30.144928
occl: 0
lock: 0
posv: 0.000000 0.000000 0.000000 0.000000
label: person
pos: 406.168883 193.327355 19.482079 44.070868
occl: 1
lock: 1
posv: 409.224171 196.387694 12.434990 14.749006
label: person
pos: 2.818841 198.760870 14.685990 47.922705
occl: 1
lock: 0
posv: 2.818841 198.760870 14.685990 47.922705
label: person
pos: 547.900358 172.712418 28.783035 81.700625
occl: 0
lock: 0
posv: 0.000000 0.000000 0.000000 0.000000
label: person
pos: 233.686530 179.263000 37.314010 85.598323
occl: 0
lock: 0
posv: 0.000000 0.000000 0.000000 0.000000
