setid: 7
volid: 11
frameid: 390
name: 07011000390
num: 5
label: people
pos: 332.045183 200.306763 34.782609 46.376812
occl: 0
lock: 0
posv: 0.000000 0.000000 0.000000 0.000000
label: person
pos: 500.836092 180.984736 31.574246 76.886972
occl: 1
lock: 0
posv: 517.168230 183.431657 1.067099 57.878243
label: person
pos: 429.312731 206.022023 21.813015 31.543052
occl: 1
lock: 0
posv: 438.651582 206.022023 1.000000 31.543052
label: person
pos: 600.336601 174.587667 34.940537 85.801293
occl: 1
lock: 1
posv: 606.875318 174.587667 25.616616 37.467428
label: person?
pos: 396.436208 202.162835 17.004831 42.834742
occl: 1
lock: 0
posv: 408.612867 202.201628 1.000000 19.621601
