setid: 7
volid: 10
frameid: 990
name: 07010000990
num: 5
label: person
pos: 2.585309 184.214550 27.334996 83.206575
occl: 0
lock: 0
posv: 0.000000 0.000000 0.000000 0.000000
label: person
pos: 4.138463 174.008672 30.196276 90.963340
occl: 1
lock: 0
posv: 4.138463 180.388773 1.141524 84.583239
label: person
pos: 4.941840 196.515853 17.848371 65.548701
occl: 1
lock: 0
posv: 5.968291 196.515853 1.000000 46.833670
label: person
pos: 3.803925 190.965899 24.102228 64.234300
occl: 1
lock: 0
posv: 3.803925 190.965899 1.348232 64.153963
label: person
pos: 2.710670 187.871822 30.484763 75.232378
occl: 1
lock: 0
posv: 4.287816 187.871822 1.000000 46.112041
