setid: 7
volid: 10
frameid: 1770
name: 07010001770
num: 1
label: person
pos: 147.514493 242.355072 11.594203 24.734300
occl: 1
lock: 0
posv: 147.514493 242.355072 11.594203 24.734300
