setid: 7
volid: 10
frameid: 1380
name: 07010001380
num: 1
label: person
pos: 516.954340 148.492370 25.586140 73.029660
occl: 1
lock: 0
posv: 516.954340 150.417778 24.320812 71.033206
