setid: 7
volid: 11
frameid: 210
name: 07011000210
num: 6
label: people
pos: 328.229469 198.760870 34.782609 43.285024
occl: 0
lock: 0
posv: 0.000000 0.000000 0.000000 0.000000
label: person
pos: 464.236544 187.511068 25.151137 64.041347
occl: 0
lock: 0
posv: 0.000000 0.000000 0.000000 0.000000
label: person
pos: 431.029128 206.022023 20.096618 30.144928
occl: 1
lock: 0
posv: 442.075457 206.022023 1.000000 30.144928
label: person
pos: 3.753292 204.781030 17.894828 50.452411
occl: 1
lock: 0
posv: 8.875148 206.190862 5.054723 27.262941
label: person
pos: 598.220517 176.741830 34.940537 85.801293
occl: 0
lock: 0
posv: 0.000000 0.000000 0.000000 0.000000
label: person
pos: 423.611111 181.549304 37.315573 88.322677
occl: 0
lock: 0
posv: 0.000000 0.000000 0.000000 0.000000
