setid: 7
volid: 11
frameid: 30
name: 07011000030
num: 5
label: people
pos: 364.905797 182.528986 26.705314 39.420290
occl: 0
lock: 0
posv: 0.000000 0.000000 0.000000 0.000000
label: person
pos: 455.180769 174.230158 23.113534 54.551009
occl: 1
lock: 0
posv: 458.715806 175.511301 15.353233 47.604008
label: person
pos: 469.501812 170.920290 32.390217 74.202899
occl: 0
lock: 0
posv: 0.000000 0.000000 0.000000 0.000000
label: person
pos: 521.708298 165.001421 30.130662 69.565217
occl: 0
lock: 0
posv: 0.000000 0.000000 0.000000 0.000000
label: person
pos: 63.653590 172.970947 42.151569 80.795074
occl: 0
lock: 0
posv: 0.000000 0.000000 0.000000 0.000000
