setid: 7
volid: 11
frameid: 1650
name: 07011001650
num: 1
label: person
pos: 495.872349 171.036702 18.535266 60.290437
occl: 1
lock: 0
posv: 503.771947 171.077894 1.075095 60.141788
