setid: 7
volid: 11
frameid: 270
name: 07011000270
num: 5
label: people
pos: 329.550062 199.739936 34.782609 45.243156
occl: 0
lock: 0
posv: 0.000000 0.000000 0.000000 0.000000
label: person
pos: 469.379392 186.961068 28.040055 66.658376
occl: 1
lock: 1
posv: 493.159457 186.961068 1.029703 65.052103
label: person
pos: 429.312731 206.022023 21.813015 31.543052
occl: 1
lock: 0
posv: 434.458119 206.022023 7.323418 30.074664
label: person
pos: 597.616105 176.741830 34.940537 85.801293
occl: 1
lock: 1
posv: 615.525129 176.741830 1.000000 46.580982
label: person
pos: 540.918264 178.767268 41.097395 82.857299
occl: 1
lock: 1
posv: 571.785201 178.767268 1.118812 70.714946
