setid: 7
volid: 10
frameid: 240
name: 07010000240
num: 5
label: person
pos: 92.874357 186.771384 19.684729 61.890608
occl: 1
lock: 0
posv: 102.972585 186.826243 1.150751 61.835749
label: person
pos: 91.017098 186.593923 29.223643 60.859227
occl: 1
lock: 0
posv: 94.731174 186.593923 23.640917 36.554158
label: person
pos: 62.923344 194.905882 29.275616 51.823520
occl: 1
lock: 0
posv: 65.015502 194.944847 27.183458 31.683361
label: person
pos: 30.370418 188.946292 29.404803 64.234300
occl: 0
lock: 0
posv: 0.000000 0.000000 0.000000 0.000000
label: person
pos: 111.948551 188.100483 27.492107 57.078031
occl: 1
lock: 0
posv: 114.634098 189.321288 17.317553 32.922247
