setid: 7
volid: 10
frameid: 570
name: 07010000570
num: 5
label: person
pos: 21.982368 180.292981 28.591561 78.177856
occl: 0
lock: 0
posv: 0.000000 0.000000 0.000000 0.000000
label: person
pos: 4.167235 172.660273 29.792164 90.956460
occl: 1
lock: 0
posv: 4.167235 172.660273 1.084092 90.482700
label: person
pos: 4.315741 191.620091 15.068104 59.309498
occl: 1
lock: 0
posv: 4.315741 191.620091 1.000000 42.757147
label: person
pos: 4.858653 190.965899 23.047499 64.656734
occl: 1
lock: 0
posv: 4.858653 190.965899 1.000000 64.656734
label: person
pos: 3.411018 186.467044 29.143812 71.026751
occl: 1
lock: 0
posv: 3.411018 186.467044 1.000000 48.387722
