setid: 7
volid: 10
frameid: 1410
name: 07010001410
num: 1
label: person
pos: 496.311758 160.185118 25.309747 67.006436
occl: 0
lock: 0
posv: 0.000000 0.000000 0.000000 0.000000
