setid: 7
volid: 10
frameid: 1320
name: 07010001320
num: 1
label: person
pos: 544.331882 137.032241 23.000843 67.232887
occl: 1
lock: 1
posv: 545.825945 137.742370 21.506780 56.412386
