setid: 7
volid: 10
frameid: 450
name: 07010000450
num: 5
label: person
pos: 50.576497 185.728415 23.301795 73.283081
occl: 0
lock: 0
posv: 0.000000 0.000000 0.000000 0.000000
label: person
pos: 9.882921 175.191890 37.105129 71.176403
occl: 1
lock: 0
posv: 11.608774 175.191890 29.316601 59.815676
label: person
pos: 3.996325 194.010979 18.740367 63.989230
occl: 1
lock: 0
posv: 5.400773 195.049020 1.000000 39.328218
label: person
pos: 5.125320 190.965899 22.780833 64.234300
occl: 1
lock: 0
posv: 5.125320 190.965899 1.004286 61.604127
label: person
pos: 5.104103 181.229086 30.975177 75.140701
occl: 1
lock: 0
posv: 14.522693 181.229086 1.000000 47.436960
