setid: 7
volid: 11
frameid: 1770
name: 07011001770
num: 1
label: person
pos: 557.174868 131.784865 31.536232 150.521982
occl: 1
lock: 0
posv: 577.757787 133.825356 1.023888 146.734250
