setid: 7
volid: 11
frameid: 1530
name: 07011001530
num: 3
label: person
pos: 491.881827 167.920631 23.674908 55.823956
occl: 0
lock: 0
posv: 0.000000 0.000000 0.000000 0.000000
label: person
pos: 612.454766 154.950128 25.918445 86.325316
occl: 1
lock: 0
posv: 616.824073 154.950128 21.549137 50.852089
label: person
pos: 454.203811 170.714408 17.004831 39.265949
occl: 0
lock: 0
posv: 0.000000 0.000000 0.000000 0.000000
