setid: 7
volid: 10
frameid: 90
name: 07010000090
num: 4
label: person
pos: 143.799148 180.777899 29.616563 45.927855
occl: 1
lock: 0
posv: 168.208262 181.014028 1.000000 41.562136
label: person
pos: 91.912049 194.005573 25.507246 45.769221
occl: 1
lock: 0
posv: 108.504715 194.005573 1.000000 45.734868
label: person
pos: 30.808163 188.536733 29.404803 49.468599
occl: 1
lock: 0
posv: 37.663610 188.536733 14.001096 20.761402
label: person
pos: 196.852159 183.346055 22.426111 65.461797
occl: 1
lock: 0
posv: 218.915397 183.729620 0.362873 42.490187
