setid: 7
volid: 11
frameid: 900
name: 07011000900
num: 4
label: people
pos: 179.386502 200.382040 36.254049 46.376812
occl: 0
lock: 0
posv: 0.000000 0.000000 0.000000 0.000000
label: person
pos: 289.478941 208.478709 19.873901 29.518747
occl: 0
lock: 0
posv: 0.000000 0.000000 0.000000 0.000000
label: person
pos: 126.357914 206.974282 13.140097 24.208891
occl: 1
lock: 0
posv: 133.217715 207.221821 1.000000 23.961353
label: person?
pos: 251.231035 202.366724 18.166564 51.729399
occl: 1
lock: 0
posv: 260.385287 202.613272 1.000000 19.522733
