setid: 7
volid: 11
frameid: 750
name: 07011000750
num: 7
label: people
pos: 261.278531 204.481060 34.782609 46.376812
occl: 0
lock: 0
posv: 0.000000 0.000000 0.000000 0.000000
label: person
pos: 560.267466 171.525755 49.171888 137.123893
occl: 0
lock: 0
posv: 0.000000 0.000000 0.000000 0.000000
label: person
pos: 362.502401 211.650838 22.075609 28.647339
occl: 0
lock: 0
posv: 0.000000 0.000000 0.000000 0.000000
label: person
pos: 607.794366 183.461335 29.610241 111.926773
occl: 1
lock: 0
posv: 607.794366 183.461335 29.610241 111.926773
label: person
pos: 156.737901 213.670943 11.994042 21.600376
occl: 0
lock: 0
posv: 0.000000 0.000000 0.000000 0.000000
label: person
pos: 203.280926 210.355072 14.008276 25.507246
occl: 1
lock: 0
posv: 203.280926 213.517483 1.000000 20.535785
label: person?
pos: 332.406882 207.869494 17.407069 46.485111
occl: 1
lock: 1
posv: 332.406882 208.624520 14.409911 13.944290
