setid: 7
volid: 11
frameid: 1050
name: 07011001050
num: 3
label: people
pos: 32.281643 198.035379 29.592072 46.376812
occl: 0
lock: 0
posv: 0.000000 0.000000 0.000000 0.000000
label: person
pos: 318.234584 167.456522 54.825803 114.782609
occl: 0
lock: 0
posv: 0.000000 0.000000 0.000000 0.000000
label: person
pos: 140.762006 203.428673 25.612390 33.908781
occl: 0
lock: 0
posv: 0.000000 0.000000 0.000000 0.000000
