setid: 7
volid: 11
frameid: 240
name: 07011000240
num: 6
label: people
pos: 330.669302 198.760870 34.782609 43.285024
occl: 0
lock: 0
posv: 0.000000 0.000000 0.000000 0.000000
label: person
pos: 468.326340 187.061068 25.726203 64.050438
occl: 1
lock: 0
posv: 468.326340 187.070159 25.726203 64.041347
label: person
pos: 429.312731 206.022023 21.813015 31.543052
occl: 0
lock: 0
posv: 0.000000 0.000000 0.000000 0.000000
label: person
pos: 14.920177 207.326814 18.475263 43.697072
occl: 1
lock: 0
posv: 15.578472 208.753879 15.066174 19.763859
label: person
pos: 598.220517 176.741830 34.940537 85.801293
occl: 0
lock: 0
posv: 0.000000 0.000000 0.000000 0.000000
label: person
pos: 483.517528 179.917504 41.310731 81.170856
occl: 0
lock: 0
posv: 0.000000 0.000000 0.000000 0.000000
