setid: 7
volid: 11
frameid: 540
name: 07011000540
num: 5
label: people
pos: 312.850242 200.164393 34.782609 46.376812
occl: 0
lock: 0
posv: 0.000000 0.000000 0.000000 0.000000
label: person
pos: 550.252487 182.537298 41.651144 96.275803
occl: 0
lock: 0
posv: 0.000000 0.000000 0.000000 0.000000
label: person
pos: 416.077437 207.002415 21.813015 31.543052
occl: 0
lock: 0
posv: 0.000000 0.000000 0.000000 0.000000
label: person
pos: 587.096405 178.744530 34.940537 93.939862
occl: 0
lock: 0
posv: 0.000000 0.000000 0.000000 0.000000
label: person?
pos: 386.491023 201.556769 17.004831 47.059548
occl: 1
lock: 0
posv: 386.785963 201.844868 12.954073 17.398008
