setid: 7
volid: 10
frameid: 900
name: 07010000900
num: 5
label: person
pos: 6.064612 184.036423 27.446691 83.150878
occl: 1
lock: 1
posv: 12.162620 184.036423 1.316832 83.150878
label: person
pos: 3.640919 172.660273 30.318480 90.956460
occl: 1
lock: 0
posv: 3.640919 173.893419 1.000000 89.723313
label: person
pos: 3.521720 195.049020 17.676746 57.585641
occl: 1
lock: 0
posv: 3.521720 195.049020 1.000000 42.550725
label: person
pos: 4.125320 190.965899 23.780833 65.042986
occl: 1
lock: 1
posv: 4.125320 190.965899 1.000000 65.042986
label: person
pos: 3.137164 187.661262 29.107488 69.820967
occl: 1
lock: 1
posv: 4.057521 187.933041 1.289941 53.832157
