setid: 7
volid: 10
frameid: 120
name: 07010000120
num: 4
label: person
pos: 112.466612 180.929801 31.180874 56.926213
occl: 1
lock: 1
posv: 116.810453 181.008806 22.093475 38.634891
label: person
pos: 71.457007 192.107559 22.015506 53.880714
occl: 0
lock: 1
posv: 0.000000 0.000000 0.000000 0.000000
label: person
pos: 34.293457 187.955850 29.936541 56.937159
occl: 1
lock: 0
posv: 41.391087 187.955850 22.307172 49.468599
label: person
pos: 161.818560 184.208019 30.834773 57.374203
occl: 1
lock: 0
posv: 161.818560 184.507554 24.773619 28.187316
