setid: 7
volid: 10
frameid: 330
name: 07010000330
num: 5
label: person
pos: 123.663181 190.556678 25.191509 61.835749
occl: 0
lock: 0
posv: 0.000000 0.000000 0.000000 0.000000
label: person
pos: 69.791735 187.173328 29.888759 67.499432
occl: 1
lock: 0
posv: 73.818429 187.199915 25.862065 51.998863
label: person
pos: 41.722814 193.021242 28.077086 53.499034
occl: 1
lock: 0
posv: 43.986542 193.185502 25.624112 21.641278
label: person
pos: 9.366496 190.965899 29.404803 64.234300
occl: 0
lock: 0
posv: 0.000000 0.000000 0.000000 0.000000
label: person
pos: 71.295906 189.039119 30.467784 60.903195
occl: 1
lock: 0
posv: 81.732065 190.426184 1.000000 42.512077
