setid: 7
volid: 10
frameid: 1440
name: 07010001440
num: 1
label: person
pos: 483.277792 155.923673 25.309747 73.398358
occl: 1
lock: 1
posv: 493.030423 155.923673 1.039604 65.811104
