setid: 7
volid: 11
frameid: 1410
name: 07011001410
num: 4
label: person
pos: 572.940608 161.206735 31.924552 76.340438
occl: 0
lock: 0
posv: 0.000000 0.000000 0.000000 0.000000
label: person
pos: 603.696373 152.888091 27.729823 85.506258
occl: 0
lock: 0
posv: 0.000000 0.000000 0.000000 0.000000
label: person
pos: 466.829402 176.914493 14.787889 42.719368
occl: 1
lock: 0
posv: 466.829402 176.914493 14.787889 42.719368
label: person
pos: 447.690705 177.504049 16.324782 40.820119
occl: 1
lock: 0
posv: 447.690705 177.543117 16.222937 21.092981
