setid: 7
volid: 11
frameid: 420
name: 07011000420
num: 5
label: people
pos: 332.045183 200.306763 34.782609 46.376812
occl: 0
lock: 0
posv: 0.000000 0.000000 0.000000 0.000000
label: person
pos: 510.833674 181.519556 33.798122 75.196541
occl: 0
lock: 0
posv: 0.000000 0.000000 0.000000 0.000000
label: person
pos: 429.312731 206.022023 21.813015 31.543052
occl: 0
lock: 0
posv: 0.000000 0.000000 0.000000 0.000000
label: person
pos: 600.336601 174.587667 34.940537 85.801293
occl: 0
lock: 0
posv: 0.000000 0.000000 0.000000 0.000000
label: person?
pos: 397.067207 202.057624 17.649272 43.922182
occl: 1
lock: 0
posv: 399.619337 203.549154 11.328846 14.436401
