setid: 7
volid: 10
frameid: 180
name: 07010000180
num: 5
label: person
pos: 48.312970 189.586090 19.438093 61.835749
occl: 1
lock: 0
posv: 56.187899 189.586090 1.000000 61.835749
label: person
pos: 99.016795 182.809188 29.926411 65.773689
occl: 1
lock: 0
posv: 99.016795 182.883779 29.165600 32.489774
label: person
pos: 66.275296 190.754902 26.100818 57.175025
occl: 1
lock: 0
posv: 68.916880 190.754902 23.459234 45.734868
label: person
pos: 34.409633 187.936488 29.393597 63.814399
occl: 0
lock: 0
posv: 0.000000 0.000000 0.000000 0.000000
label: person
pos: 121.118045 185.726409 30.993523 59.198468
occl: 1
lock: 0
posv: 138.326574 185.726409 13.761248 42.104428
