setid: 7
volid: 11
frameid: 60
name: 07011000060
num: 6
label: people
pos: 357.987923 186.934783 27.053140 39.420290
occl: 0
lock: 0
posv: 0.000000 0.000000 0.000000 0.000000
label: person
pos: 458.444018 176.149275 22.933895 54.551009
occl: 0
lock: 0
posv: 0.000000 0.000000 0.000000 0.000000
label: person
pos: 524.827808 170.920290 32.480888 74.202899
occl: 0
lock: 0
posv: 0.000000 0.000000 0.000000 0.000000
label: person
pos: 415.608052 183.278784 18.650995 46.054819
occl: 1
lock: 0
posv: 426.557602 183.278784 1.000000 20.666741
label: person
pos: 545.528524 166.978862 1.089109 68.695666
occl: 0
lock: 1
posv: 0.000000 0.000000 0.000000 0.000000
label: person
pos: 115.564216 178.564223 38.096427 80.203325
occl: 0
lock: 0
posv: 0.000000 0.000000 0.000000 0.000000
