setid: 7
volid: 10
frameid: 1260
name: 07010001260
num: 1
label: person
pos: 502.159278 147.346831 20.595340 50.434498
occl: 0
lock: 0
posv: 0.000000 0.000000 0.000000 0.000000
