setid: 7
volid: 11
frameid: 1800
name: 07011001800
num: 2
label: person
pos: 608.809179 157.794686 31.690821 122.898551
occl: 0
lock: 0
posv: 0.000000 0.000000 0.000000 0.000000
label: person
pos: 573.315004 137.619636 40.732026 140.104575
occl: 0
lock: 1
posv: 0.000000 0.000000 0.000000 0.000000
