setid: 7
volid: 11
frameid: 1440
name: 07011001440
num: 2
label: person
pos: 491.817847 170.858459 24.053545 52.162757
occl: 1
lock: 0
posv: 491.817847 170.858459 15.889058 49.908834
label: person
pos: 474.526854 173.736573 17.797101 43.493521
occl: 1
lock: 0
posv: 474.526854 173.736573 17.797101 23.538128
