setid: 7
volid: 11
frameid: 1620
name: 07011001620
num: 2
label: person
pos: 553.331165 166.183416 23.917884 57.938350
occl: 1
lock: 0
posv: 556.027030 166.183416 21.222019 48.195457
label: person
pos: 457.692367 169.845083 20.737613 54.164437
occl: 1
lock: 0
posv: 469.476876 170.074434 1.000000 53.836583
