setid: 7
volid: 10
frameid: 270
name: 07010000270
num: 5
label: person
pos: 116.311516 186.771384 19.061488 61.835749
occl: 1
lock: 1
posv: 122.082960 186.771384 9.415029 59.917024
label: person
pos: 91.455528 184.862131 29.795087 64.853565
occl: 1
lock: 0
posv: 92.346970 185.125761 28.164506 51.311018
label: person
pos: 62.346974 195.728922 29.393329 50.678649
occl: 1
lock: 1
posv: 62.346974 195.728922 28.097294 27.612434
label: person
pos: 30.370418 188.946292 29.404803 64.234300
occl: 0
lock: 0
posv: 0.000000 0.000000 0.000000 0.000000
label: person
pos: 100.354510 189.051144 27.831985 59.849502
occl: 1
lock: 0
posv: 104.119611 189.051144 1.000000 42.289107
