setid: 7
volid: 10
frameid: 690
name: 07010000690
num: 5
label: person
pos: 14.997074 184.214550 28.591561 78.177856
occl: 1
lock: 0
posv: 23.411254 184.214550 1.000000 73.630914
label: person
pos: 4.167235 172.660273 29.792164 90.956460
occl: 1
lock: 0
posv: 4.167235 173.036349 1.108636 90.580383
label: person
pos: 2.985035 195.049020 20.578306 61.847135
occl: 1
lock: 0
posv: 2.985035 196.968484 1.000000 37.322876
label: person
pos: 3.787006 190.965899 24.119146 64.399301
occl: 1
lock: 0
posv: 3.787006 190.965899 1.338313 64.399301
label: person
pos: 1.818909 186.885818 29.107488 70.673956
occl: 1
lock: 0
posv: 3.477468 187.973854 1.000000 53.402594
