setid: 7
volid: 11
frameid: 990
name: 07011000990
num: 5
label: people
pos: 126.958113 199.486360 36.254049 46.376812
occl: 0
lock: 0
posv: 0.000000 0.000000 0.000000 0.000000
label: person
pos: 582.528986 177.118357 44.830918 122.975845
occl: 0
lock: 0
posv: 0.000000 0.000000 0.000000 0.000000
label: person
pos: 484.364734 174.413043 51.014493 125.217391
occl: 0
lock: 0
posv: 0.000000 0.000000 0.000000 0.000000
label: person
pos: 235.250611 205.253396 25.612390 33.908781
occl: 0
lock: 0
posv: 0.000000 0.000000 0.000000 0.000000
label: person
pos: 104.178602 207.357971 14.173345 23.961353
occl: 0
lock: 0
posv: 0.000000 0.000000 0.000000 0.000000
