setid: 7
volid: 10
frameid: 960
name: 07010000960
num: 5
label: person
pos: 2.585309 184.214550 27.334996 83.206575
occl: 0
lock: 0
posv: 0.000000 0.000000 0.000000 0.000000
label: person
pos: 3.199849 172.660273 30.759550 90.989451
occl: 1
lock: 0
posv: 3.199849 178.516155 1.004542 85.133569
label: person
pos: 4.227067 195.271560 19.198588 61.137726
occl: 1
lock: 0
posv: 4.227067 195.271560 1.000000 45.509780
label: person
pos: 5.080083 190.965899 22.826070 64.234300
occl: 1
lock: 0
posv: 5.080083 190.965899 1.031046 64.234300
label: person
pos: 1.283522 188.165301 31.047565 69.898512
occl: 1
lock: 0
posv: 1.283522 188.519386 1.000000 50.261923
