setid: 7
volid: 11
frameid: 1230
name: 07011001230
num: 3
label: person
pos: 10.608391 187.507997 17.777778 61.835749
occl: 1
lock: 1
posv: 10.608391 187.507997 13.299780 47.091142
label: person
pos: 48.072209 188.320047 22.785188 46.352854
occl: 1
lock: 1
posv: 48.072209 189.018463 21.179021 15.170397
label: person
pos: 548.396343 184.217941 14.522923 44.863790
occl: 0
lock: 0
posv: 0.000000 0.000000 0.000000 0.000000
