setid: 7
volid: 11
frameid: 1290
name: 07011001290
num: 2
label: person
pos: 483.977494 179.224069 21.288349 52.464336
occl: 0
lock: 0
posv: 0.000000 0.000000 0.000000 0.000000
label: person
pos: 525.183085 177.386321 21.135550 53.594782
occl: 0
lock: 0
posv: 0.000000 0.000000 0.000000 0.000000
