setid: 7
volid: 10
frameid: 1080
name: 07010001080
num: 5
label: person
pos: 377.324287 181.589315 38.314019 102.232879
occl: 0
lock: 0
posv: 0.000000 0.000000 0.000000 0.000000
label: person
pos: 124.651520 182.846917 40.966184 135.240693
occl: 0
lock: 0
posv: 0.000000 0.000000 0.000000 0.000000
label: person
pos: 208.335858 202.935145 36.905443 111.116833
occl: 0
lock: 0
posv: 0.000000 0.000000 0.000000 0.000000
label: person
pos: 174.730826 175.459472 50.039619 114.336242
occl: 1
lock: 0
posv: 174.730826 175.459472 44.656108 60.622786
label: person
pos: 16.536995 194.337305 47.709294 118.246262
occl: 1
lock: 0
posv: 16.741994 194.337305 44.505213 115.278340
