setid: 7
volid: 10
frameid: 1470
name: 07010001470
num: 1
label: person
pos: 472.151321 155.718841 25.309747 73.029660
occl: 0
lock: 0
posv: 0.000000 0.000000 0.000000 0.000000
