setid: 8
volid: 6
frameid: 1020
name: 08006001020
num: 2
label: person
pos: 492.548892 190.486192 20.285010 52.332648
occl: 1
lock: 0
posv: 492.548892 190.486192 1.000000 41.362276
label: person
pos: 502.810315 192.216674 13.913043 42.655023
occl: 1
lock: 0
posv: 505.091916 192.216674 1.000000 38.647343
