setid: 8
volid: 8
frameid: 420
name: 08008000420
num: 1
label: person
pos: 33.058646 183.566496 16.622087 32.391162
occl: 1
lock: 0
posv: 40.882581 185.760501 1.000000 22.310425
