setid: 8
volid: 1
frameid: 780
name: 08001000780
num: 1
label: person
pos: 175.339898 165.000058 10.821256 20.096618
occl: 0
lock: 0
posv: 0.000000 0.000000 0.000000 0.000000
