setid: 8
volid: 0
frameid: 1620
name: 08000001620
num: 4
label: people
pos: 445.606970 170.161836 37.101449 27.384403
occl: 0
lock: 0
posv: 0.000000 0.000000 0.000000 0.000000
label: person
pos: 531.472877 167.418696 14.364751 38.716264
occl: 1
lock: 0
posv: 533.508828 167.418696 11.019801 11.490722
label: person
pos: 508.012543 165.756449 14.164641 34.420449
occl: 1
lock: 0
posv: 508.292839 165.756449 13.882393 12.919263
label: person
pos: 542.469673 162.487819 20.632992 57.385364
occl: 1
lock: 0
posv: 543.384253 162.487819 19.162435 18.467116
