setid: 8
volid: 8
frameid: 1110
name: 08008001110
num: 1
label: person
pos: 490.421191 200.120370 9.906166 30.142956
occl: 1
lock: 0
posv: 491.816420 200.605326 1.000000 29.057765
