setid: 8
volid: 9
frameid: 30
name: 08009000030
num: 4
label: person
pos: 597.331184 185.549074 27.053140 75.701092
occl: 1
lock: 0
posv: 600.206770 185.715984 24.177554 34.301002
label: person
pos: 548.361872 190.312940 23.188406 49.464700
occl: 1
lock: 0
posv: 550.795832 190.312940 19.137423 19.906003
label: person
pos: 157.727664 208.697414 11.142327 23.961353
occl: 0
lock: 0
posv: 0.000000 0.000000 0.000000 0.000000
label: person
pos: 166.921142 205.977675 11.511225 22.415459
occl: 0
lock: 0
posv: 0.000000 0.000000 0.000000 0.000000
