setid: 8
volid: 9
frameid: 990
name: 08009000990
num: 2
label: person
pos: 389.847215 182.097558 27.048040 55.067749
occl: 1
lock: 0
posv: 407.445469 182.097558 1.000000 55.043336
label: person
pos: 183.062540 204.577278 16.855877 27.392835
occl: 1
lock: 1
posv: 183.062540 204.577278 16.855877 20.857078
