setid: 8
volid: 1
frameid: 660
name: 08001000660
num: 3
label: person
pos: 15.605024 189.402222 18.550725 37.874396
occl: 0
lock: 0
posv: 0.000000 0.000000 0.000000 0.000000
label: people
pos: 64.113527 188.326087 35.169082 31.458937
occl: 0
lock: 0
posv: 0.000000 0.000000 0.000000 0.000000
label: person
pos: 273.799088 185.902533 7.870874 18.444349
occl: 0
lock: 0
posv: 0.000000 0.000000 0.000000 0.000000
