setid: 8
volid: 2
frameid: 210
name: 08002000210
num: 6
label: person
pos: 554.502629 161.255186 28.826584 85.755342
occl: 0
lock: 0
posv: 0.000000 0.000000 0.000000 0.000000
label: person
pos: 582.387889 175.047457 27.849323 73.992988
occl: 0
lock: 0
posv: 0.000000 0.000000 0.000000 0.000000
label: person
pos: 522.273970 169.718501 32.992043 79.764100
occl: 1
lock: 0
posv: 522.559605 169.718501 19.450734 79.764100
label: person
pos: 480.613683 172.703495 28.933774 73.747336
occl: 0
lock: 0
posv: 0.000000 0.000000 0.000000 0.000000
label: person
pos: 391.567576 175.335692 19.305592 49.529039
occl: 0
lock: 0
posv: 0.000000 0.000000 0.000000 0.000000
label: person
pos: 364.039074 178.151606 17.440523 48.999712
occl: 0
lock: 0
posv: 0.000000 0.000000 0.000000 0.000000
