setid: 8
volid: 8
frameid: 1230
name: 08008001230
num: 1
label: person
pos: 573.588054 189.433394 20.072742 45.334028
occl: 1
lock: 0
posv: 575.471282 191.983863 16.411495 14.587488
