setid: 8
volid: 6
frameid: 990
name: 08006000990
num: 2
label: person
pos: 474.959506 172.130861 15.185771 52.234617
occl: 1
lock: 0
posv: 489.145277 183.525908 1.000000 40.839570
label: person
pos: 489.670219 186.176044 13.913043 40.838816
occl: 1
lock: 0
posv: 498.964366 188.367517 1.000000 38.647343
