setid: 8
volid: 2
frameid: 1470
name: 08002001470
num: 1
label: person
pos: 480.782182 183.579142 22.487866 52.504850
occl: 0
lock: 0
posv: 0.000000 0.000000 0.000000 0.000000
