setid: 8
volid: 0
frameid: 480
name: 08000000480
num: 1
label: person
pos: 567.778204 187.986644 15.458937 39.571895
occl: 0
lock: 0
posv: 0.000000 0.000000 0.000000 0.000000
