setid: 8
volid: 6
frameid: 510
name: 08006000510
num: 2
label: person
pos: 474.959506 170.934783 18.391092 46.505428
occl: 1
lock: 0
posv: 492.350597 179.565814 1.000000 37.874396
label: person
pos: 493.534953 170.934783 14.913043 53.142716
occl: 1
lock: 0
posv: 507.447997 180.320514 1.000000 43.756985
