setid: 8
volid: 5
frameid: 90
name: 08005000090
num: 1
label: person
pos: 541.777699 177.285877 26.919442 48.543478
occl: 0
lock: 0
posv: 0.000000 0.000000 0.000000 0.000000
