setid: 8
volid: 2
frameid: 1440
name: 08002001440
num: 2
label: person
pos: 433.310877 189.675703 17.206181 31.194606
occl: 0
lock: 0
posv: 0.000000 0.000000 0.000000 0.000000
label: person
pos: 49.302835 199.190747 14.932651 34.887058
occl: 1
lock: 0
posv: 49.302835 200.306763 13.390970 26.494269
