setid: 8
volid: 8
frameid: 840
name: 08008000840
num: 1
label: person
pos: 511.777360 169.828601 14.027939 32.497274
occl: 0
lock: 0
posv: 0.000000 0.000000 0.000000 0.000000
