setid: 8
volid: 2
frameid: 90
name: 08002000090
num: 2
label: person
pos: 412.480676 187.939614 10.048309 23.188406
occl: 0
lock: 0
posv: 0.000000 0.000000 0.000000 0.000000
label: person
pos: 403.205314 186.393720 12.367150 28.599034
occl: 1
lock: 0
posv: 405.497800 186.393720 10.074664 15.589946
