setid: 8
volid: 4
frameid: 750
name: 08004000750
num: 3
label: people
pos: 505.644217 185.639812 17.677039 38.319125
occl: 0
lock: 0
posv: 0.000000 0.000000 0.000000 0.000000
label: person
pos: 470.815715 193.350242 24.933788 30.883319
occl: 0
lock: 0
posv: 0.000000 0.000000 0.000000 0.000000
label: person
pos: 437.546982 185.672458 19.323671 41.445420
occl: 1
lock: 1
posv: 439.791179 186.697281 11.791507 18.728727
