setid: 8
volid: 8
frameid: 900
name: 08008000900
num: 1
label: person
pos: 501.726827 182.126068 11.825330 36.036598
occl: 0
lock: 0
posv: 0.000000 0.000000 0.000000 0.000000
