setid: 8
volid: 9
frameid: 660
name: 08009000660
num: 1
label: person
pos: 79.559818 191.959648 13.140097 27.826087
occl: 0
lock: 0
posv: 0.000000 0.000000 0.000000 0.000000
