setid: 8
volid: 9
frameid: 270
name: 08009000270
num: 2
label: person
pos: 588.764251 182.445325 27.587326 65.907928
occl: 0
lock: 0
posv: 0.000000 0.000000 0.000000 0.000000
label: person
pos: 548.791134 190.052136 19.977932 54.842209
occl: 1
lock: 1
posv: 555.181737 190.052136 13.587328 52.001162
