setid: 8
volid: 8
frameid: 960
name: 08008000960
num: 1
label: person
pos: 491.563127 192.944045 12.319102 26.305735
occl: 1
lock: 0
posv: 497.936033 192.944045 1.000000 26.305735
