setid: 8
volid: 1
frameid: 750
name: 08001000750
num: 1
label: person
pos: 197.945411 168.359430 10.821256 20.096618
occl: 0
lock: 0
posv: 0.000000 0.000000 0.000000 0.000000
