setid: 8
volid: 8
frameid: 780
name: 08008000780
num: 1
label: person
pos: 521.328895 166.220139 15.938910 35.453365
occl: 0
lock: 0
posv: 0.000000 0.000000 0.000000 0.000000
