setid: 8
volid: 5
frameid: 30
name: 08005000030
num: 3
label: person
pos: 454.267391 190.258454 13.913043 31.690821
occl: 0
lock: 0
posv: 0.000000 0.000000 0.000000 0.000000
label: person
pos: 545.262982 180.885573 19.443621 51.615426
occl: 0
lock: 0
posv: 0.000000 0.000000 0.000000 0.000000
label: person
pos: 514.216425 190.504348 16.231884 31.690821
occl: 1
lock: 0
posv: 516.636642 190.968606 12.746943 11.500076
