setid: 8
volid: 0
frameid: 420
name: 08000000420
num: 1
label: person-fa
pos: 43.088235 200.435777 14.685990 28.599034
occl: 0
lock: 0
posv: 0.000000 0.000000 0.000000 0.000000
