setid: 8
volid: 7
frameid: 1650
name: 08007001650
num: 3
label: person
pos: 492.850487 163.044507 24.123978 57.353885
occl: 0
lock: 0
posv: 0.000000 0.000000 0.000000 0.000000
label: person
pos: 546.492612 152.533475 25.507246 67.516283
occl: 0
lock: 0
posv: 0.000000 0.000000 0.000000 0.000000
label: person
pos: 462.593496 161.441091 28.998217 60.989003
occl: 0
lock: 0
posv: 0.000000 0.000000 0.000000 0.000000
