setid: 8
volid: 2
frameid: 750
name: 08002000750
num: 1
label: person
pos: 231.379227 201.079710 19.171213 26.280193
occl: 0
lock: 0
posv: 0.000000 0.000000 0.000000 0.000000
