setid: 8
volid: 6
frameid: 450
name: 08006000450
num: 2
label: person
pos: 474.959506 170.934783 14.140097 37.874396
occl: 1
lock: 0
posv: 488.099602 170.934783 1.000000 37.874396
label: person
pos: 493.534953 170.934783 14.913043 38.647343
occl: 1
lock: 0
posv: 507.447997 170.934783 1.000000 38.647343
