setid: 8
volid: 8
frameid: 1140
name: 08008001140
num: 1
label: person
pos: 506.314597 200.635850 13.832759 31.836778
occl: 1
lock: 0
posv: 517.870110 200.940973 1.000000 22.356243
