setid: 8
volid: 4
frameid: 780
name: 08004000780
num: 3
label: people
pos: 542.250156 175.226172 26.280193 53.778062
occl: 0
lock: 0
posv: 0.000000 0.000000 0.000000 0.000000
label: person-fa
pos: 397.484015 185.341361 15.366262 35.555556
occl: 0
lock: 0
posv: 0.000000 0.000000 0.000000 0.000000
label: person
pos: 466.170332 180.810086 17.801023 40.366243
occl: 1
lock: 0
posv: 466.406788 180.810086 17.157987 17.123725
