setid: 8
volid: 9
frameid: 930
name: 08009000930
num: 1
label: person
pos: 308.814328 176.162171 29.461232 57.766525
occl: 1
lock: 0
posv: 328.136440 176.162171 1.000000 57.755162
