setid: 8
volid: 8
frameid: 1020
name: 08008001020
num: 1
label: person
pos: 470.141256 190.491331 9.964251 35.124670
occl: 1
lock: 0
posv: 476.126389 190.491331 1.000000 30.557690
