setid: 8
volid: 0
frameid: 690
name: 08000000690
num: 4
label: person?
pos: 483.045445 190.522079 13.729673 31.235710
occl: 1
lock: 0
posv: 488.273003 190.534946 8.442923 14.219329
label: person
pos: 513.446576 188.460784 12.979184 32.113811
occl: 0
lock: 0
posv: 0.000000 0.000000 0.000000 0.000000
label: person?
pos: 497.121654 191.324325 12.974469 29.789568
occl: 1
lock: 0
posv: 497.121654 191.324325 11.517477 18.424464
label: person
pos: 177.689612 197.511245 14.685990 25.507246
occl: 0
lock: 0
posv: 0.000000 0.000000 0.000000 0.000000
