setid: 8
volid: 6
frameid: 1170
name: 08006001170
num: 1
label: person
pos: 599.274084 183.316141 20.742825 62.826371
occl: 0
lock: 0
posv: 0.000000 0.000000 0.000000 0.000000
