setid: 8
volid: 5
frameid: 480
name: 08005000480
num: 2
label: person
pos: 521.764404 174.104234 17.202689 43.443954
occl: 0
lock: 0
posv: 0.000000 0.000000 0.000000 0.000000
label: person
pos: 538.099785 168.596022 20.685157 50.191745
occl: 0
lock: 0
posv: 0.000000 0.000000 0.000000 0.000000
