setid: 8
volid: 1
frameid: 390
name: 08001000390
num: 3
label: people
pos: 142.876812 197.159562 25.545894 24.734300
occl: 0
lock: 0
posv: 0.000000 0.000000 0.000000 0.000000
label: person
pos: 430.772009 182.265132 25.302870 63.954675
occl: 0
lock: 0
posv: 0.000000 0.000000 0.000000 0.000000
label: person
pos: 439.845070 186.457664 14.685990 37.357314
occl: 1
lock: 1
posv: 447.793532 186.457664 0.594059 37.357314
