setid: 8
volid: 6
frameid: 840
name: 08006000840
num: 2
label: person
pos: 474.959506 172.130861 13.771898 50.450079
occl: 1
lock: 0
posv: 487.731404 184.706544 1.000000 37.874396
label: person
pos: 489.670219 186.176044 13.913043 38.647343
occl: 1
lock: 0
posv: 495.137676 186.176044 1.000000 38.647343
