setid: 8
volid: 9
frameid: 1260
name: 08009001260
num: 2
label: person
pos: 601.388463 185.403524 30.579710 62.868713
occl: 0
lock: 1
posv: 0.000000 0.000000 0.000000 0.000000
label: person
pos: 109.028647 201.208136 25.158836 39.662729
occl: 1
lock: 0
posv: 112.540637 201.208136 21.646846 27.747391
