setid: 8
volid: 0
frameid: 1530
name: 08000001530
num: 3
label: person
pos: 65.688974 188.927632 17.004831 34.856483
occl: 1
lock: 0
posv: 80.757387 188.927632 1.000000 33.486243
label: person
pos: 491.749263 177.650245 14.639854 33.291102
occl: 1
lock: 0
posv: 500.432331 178.947069 1.000000 22.233984
label: person
pos: 499.848112 173.322900 15.260873 42.584439
occl: 1
lock: 0
posv: 500.093368 173.322900 15.015617 19.113513
