setid: 8
volid: 0
frameid: 150
name: 08000000150
num: 3
label: person
pos: 134.219096 195.360045 14.685990 25.507246
occl: 0
lock: 1
posv: 0.000000 0.000000 0.000000 0.000000
label: person
pos: 40.693237 197.214976 14.685990 35.555556
occl: 0
lock: 1
posv: 0.000000 0.000000 0.000000 0.000000
label: person
pos: 30.862310 200.208942 14.756024 30.917874
occl: 0
lock: 1
posv: 0.000000 0.000000 0.000000 0.000000
