setid: 8
volid: 9
frameid: 1110
name: 08009001110
num: 2
label: person
pos: 552.323671 185.652565 29.094203 64.769288
occl: 0
lock: 0
posv: 0.000000 0.000000 0.000000 0.000000
label: person
pos: 133.682796 200.966610 22.995169 36.600188
occl: 1
lock: 0
posv: 133.682796 201.100881 22.810952 28.320546
