setid: 8
volid: 1
frameid: 1350
name: 08001001350
num: 3
label: person
pos: 64.654589 204.944444 15.127674 32.463768
occl: 0
lock: 0
posv: 0.000000 0.000000 0.000000 0.000000
label: person
pos: 45.244190 211.445424 16.234566 30.144928
occl: 0
lock: 0
posv: 0.000000 0.000000 0.000000 0.000000
label: person
pos: 480.093914 178.992287 22.241997 65.731153
occl: 1
lock: 0
posv: 480.093914 178.992287 1.040465 65.731153
