setid: 8
volid: 8
frameid: 1770
name: 08008001770
num: 1
label: person
pos: 449.325882 194.260980 25.026221 45.771393
occl: 0
lock: 0
posv: 0.000000 0.000000 0.000000 0.000000
