setid: 8
volid: 8
frameid: 1830
name: 08008001830
num: 1
label: person
pos: 557.656118 178.896338 24.985613 68.368053
occl: 0
lock: 0
posv: 0.000000 0.000000 0.000000 0.000000
