setid: 8
volid: 9
frameid: 1050
name: 08009001050
num: 2
label: person
pos: 478.181159 187.464336 28.599034 65.402813
occl: 0
lock: 1
posv: 0.000000 0.000000 0.000000 0.000000
label: person
pos: 153.897674 205.613024 18.649383 28.548562
occl: 1
lock: 0
posv: 155.067207 205.613024 17.479851 22.386834
