setid: 8
volid: 8
frameid: 300
name: 08008000300
num: 1
label: person
pos: 134.407360 128.920574 9.566161 21.722581
occl: 0
lock: 1
posv: 0.000000 0.000000 0.000000 0.000000
