setid: 8
volid: 9
frameid: 630
name: 08009000630
num: 2
label: person
pos: 93.412759 192.400824 13.140097 27.826087
occl: 0
lock: 0
posv: 0.000000 0.000000 0.000000 0.000000
label: person
pos: 582.312594 157.313871 31.693060 84.737018
occl: 1
lock: 1
posv: 588.309423 159.281557 20.625542 25.749226
