setid: 8
volid: 9
frameid: 1440
name: 08009001440
num: 1
label: person
pos: 46.148792 207.197086 34.468545 53.517943
occl: 1
lock: 0
posv: 60.290036 207.430737 1.010211 39.793872
