setid: 8
volid: 5
frameid: 1380
name: 08005001380
num: 2
label: person
pos: 32.379511 199.533816 12.133205 32.461850
occl: 0
lock: 0
posv: 0.000000 0.000000 0.000000 0.000000
label: person
pos: 40.437670 200.696183 11.209569 30.543277
occl: 0
lock: 0
posv: 0.000000 0.000000 0.000000 0.000000
