setid: 8
volid: 1
frameid: 630
name: 08001000630
num: 2
label: person
pos: 56.213228 189.660415 18.550725 37.874396
occl: 0
lock: 0
posv: 0.000000 0.000000 0.000000 0.000000
label: people
pos: 99.591787 190.258454 29.526570 28.289855
occl: 0
lock: 0
posv: 0.000000 0.000000 0.000000 0.000000
