setid: 8
volid: 1
frameid: 1200
name: 08001001200
num: 1
label: person
pos: 489.560386 177.667235 22.195936 63.267263
occl: 1
lock: 0
posv: 499.152991 177.667235 1.104878 63.267263
