setid: 8
volid: 1
frameid: 930
name: 08001000930
num: 3
label: person
pos: 565.117331 146.261004 28.993005 68.755907
occl: 1
lock: 0
posv: 566.571657 146.959328 22.362724 33.747496
label: person
pos: 595.309861 148.806976 21.514521 61.835749
occl: 1
lock: 0
posv: 595.309861 150.205326 17.193347 28.779869
label: person
pos: 502.732796 153.536012 22.047449 55.377558
occl: 1
lock: 0
posv: 505.770535 155.485532 16.706045 27.656917
