setid: 8
volid: 9
frameid: 1080
name: 08009001080
num: 2
label: person
pos: 516.526748 187.464336 30.999396 65.402813
occl: 0
lock: 0
posv: 0.000000 0.000000 0.000000 0.000000
label: person
pos: 142.802944 203.673044 21.098996 34.230904
occl: 1
lock: 0
posv: 142.802944 203.673044 19.234993 24.562108
