setid: 8
volid: 1
frameid: 960
name: 08001000960
num: 3
label: person
pos: 585.257673 147.401037 29.904803 71.093492
occl: 1
lock: 0
posv: 586.357867 147.775206 26.460365 37.583337
label: person
pos: 619.024243 150.990800 19.638374 61.835749
occl: 1
lock: 0
posv: 619.024243 153.912582 17.716198 31.415081
label: person
pos: 523.757799 156.145363 22.975663 61.091310
occl: 1
lock: 0
posv: 523.757799 156.579037 19.418066 33.972110
