setid: 8
volid: 8
frameid: 750
name: 08008000750
num: 1
label: person
pos: 523.160066 173.784473 10.705672 31.406648
occl: 0
lock: 0
posv: 0.000000 0.000000 0.000000 0.000000
