setid: 8
volid: 6
frameid: 720
name: 08006000720
num: 2
label: person
pos: 474.959506 170.934783 13.140097 53.754146
occl: 1
lock: 0
posv: 486.319510 186.814533 1.000000 37.874396
label: person
pos: 489.674238 185.089552 13.913639 38.843895
occl: 1
lock: 0
posv: 495.844454 185.286105 1.000000 38.647343
