setid: 8
volid: 8
frameid: 390
name: 08008000390
num: 1
label: person
pos: 74.476842 179.366165 13.285748 29.966142
occl: 0
lock: 0
posv: 0.000000 0.000000 0.000000 0.000000
