setid: 8
volid: 2
frameid: 1710
name: 08002001710
num: 1
label: person
pos: 554.512519 159.336855 33.054004 89.411877
occl: 1
lock: 0
posv: 554.512519 159.336855 32.033645 35.713869
