setid: 8
volid: 9
frameid: 300
name: 08009000300
num: 1
label: person
pos: 616.189233 184.219238 22.824194 66.501041
occl: 0
lock: 0
posv: 0.000000 0.000000 0.000000 0.000000
