setid: 8
volid: 6
frameid: 600
name: 08006000600
num: 2
label: person
pos: 474.959506 170.934783 13.780650 54.597020
occl: 1
lock: 0
posv: 487.740156 187.657407 1.000000 37.874396
label: person
pos: 491.087288 178.277778 13.913043 47.775495
occl: 1
lock: 0
posv: 496.445721 187.405930 1.000000 38.647343
