setid: 8
volid: 0
frameid: 1080
name: 08000001080
num: 2
label: person
pos: 571.747656 169.201051 14.667636 47.387704
occl: 0
lock: 0
posv: 0.000000 0.000000 0.000000 0.000000
label: person
pos: 584.769651 172.408797 16.660158 34.246867
occl: 1
lock: 0
posv: 584.769651 172.408797 13.774652 16.658162
