setid: 8
volid: 1
frameid: 1470
name: 08001001470
num: 1
label: person
pos: 483.252984 177.265303 26.519537 75.504021
occl: 1
lock: 0
posv: 487.966565 177.265303 14.430605 75.488562
