setid: 8
volid: 1
frameid: 1650
name: 08001001650
num: 2
label: person
pos: 532.778744 170.147059 19.192425 55.361019
occl: 1
lock: 1
posv: 533.334163 172.140357 14.582320 14.558845
label: person
pos: 517.208304 165.705850 26.763101 72.984781
occl: 1
lock: 0
posv: 517.662617 165.705850 26.308788 40.784489
