setid: 8
volid: 0
frameid: 630
name: 08000000630
num: 4
label: person
pos: 526.107635 190.258454 14.461378 34.494256
occl: 1
lock: 0
posv: 526.876812 190.258454 13.140097 19.323671
label: person
pos: 155.055271 197.139670 12.367150 24.734300
occl: 0
lock: 0
posv: 0.000000 0.000000 0.000000 0.000000
label: person
pos: 473.947643 187.284314 12.968173 30.928735
occl: 0
lock: 0
posv: 0.000000 0.000000 0.000000 0.000000
label: person?
pos: 460.565565 190.858306 10.036964 24.734300
occl: 0
lock: 0
posv: 0.000000 0.000000 0.000000 0.000000
