setid: 8
volid: 1
frameid: 1320
name: 08001001320
num: 2
label: person
pos: 51.480517 210.635372 16.028030 30.144928
occl: 1
lock: 0
posv: 54.853654 210.672643 1.000000 30.107657
label: person
pos: 484.850181 178.329761 22.195936 64.499208
occl: 1
lock: 0
posv: 488.667386 178.329761 1.235993 64.499208
