setid: 8
volid: 5
frameid: 570
name: 08005000570
num: 2
label: person
pos: 524.618826 172.202061 22.298361 53.706774
occl: 1
lock: 0
posv: 524.618826 172.202061 20.598600 44.855356
label: person
pos: 545.920409 170.633364 20.844805 53.342717
occl: 1
lock: 0
posv: 548.424695 170.707729 16.240054 33.219025
