setid: 8
volid: 0
frameid: 60
name: 08000000060
num: 2
label: person
pos: 590.039855 178.165814 21.468954 47.307332
occl: 0
lock: 0
posv: 0.000000 0.000000 0.000000 0.000000
label: person
pos: 5.821682 194.732594 13.913043 29.371981
occl: 0
lock: 1
posv: 0.000000 0.000000 0.000000 0.000000
