setid: 8
volid: 0
frameid: 360
name: 08000000360
num: 1
label: person-fa
pos: 75.629298 195.798096 14.685990 28.599034
occl: 0
lock: 0
posv: 0.000000 0.000000 0.000000 0.000000
