setid: 8
volid: 8
frameid: 1170
name: 08008001170
num: 1
label: person
pos: 521.931015 198.124516 15.219788 36.313682
occl: 1
lock: 0
posv: 529.707147 200.094356 1.000000 18.106333
