setid: 8
volid: 0
frameid: 1710
name: 08000001710
num: 2
label: people
pos: 453.830776 176.150895 37.101449 27.247656
occl: 0
lock: 1
posv: 0.000000 0.000000 0.000000 0.000000
label: person
pos: 549.178514 170.445155 22.176052 58.888448
occl: 1
lock: 1
posv: 549.314412 173.260421 22.040154 13.325194
