setid: 8
volid: 0
frameid: 30
name: 08000000030
num: 1
label: person
pos: 547.474567 179.437198 17.777778 41.739130
occl: 1
lock: 0
posv: 550.569279 179.846439 8.295026 40.162936
