setid: 8
volid: 5
frameid: 1770
name: 08005001770
num: 1
label: person
pos: 554.592987 177.251748 14.352373 34.015074
occl: 1
lock: 0
posv: 565.302827 177.251748 1.000000 34.009662
