setid: 8
volid: 4
frameid: 840
name: 08004000840
num: 1
label: person-fa
pos: 561.272947 156.541205 23.574879 72.364592
occl: 0
lock: 0
posv: 0.000000 0.000000 0.000000 0.000000
