setid: 8
volid: 6
frameid: 690
name: 08006000690
num: 2
label: person
pos: 474.959506 170.934783 13.140097 52.574122
occl: 1
lock: 0
posv: 486.987008 185.634509 1.000000 37.874396
label: person
pos: 489.520338 184.676374 14.536169 38.647343
occl: 1
lock: 0
posv: 493.136943 185.979657 10.919564 35.857894
