setid: 8
volid: 0
frameid: 750
name: 08000000750
num: 4
label: person?
pos: 523.644189 187.727082 18.448636 32.572908
occl: 0
lock: 0
posv: 0.000000 0.000000 0.000000 0.000000
label: person
pos: 571.461282 185.691176 15.380435 40.344842
occl: 0
lock: 0
posv: 0.000000 0.000000 0.000000 0.000000
label: person?
pos: 547.613427 188.761580 14.903197 37.201509
occl: 0
lock: 0
posv: 0.000000 0.000000 0.000000 0.000000
label: person
pos: 137.665380 196.417249 15.072250 25.800517
occl: 1
lock: 0
posv: 150.791615 196.417249 1.000000 25.507246
