setid: 8
volid: 9
frameid: 840
name: 08009000840
num: 1
label: person
pos: 187.520372 167.684569 34.645940 59.516908
occl: 0
lock: 0
posv: 0.000000 0.000000 0.000000 0.000000
