setid: 8
volid: 0
frameid: 1500
name: 08000001500
num: 2
label: person
pos: 486.497910 181.243922 12.770640 32.831954
occl: 1
lock: 0
posv: 493.528249 181.707842 1.161716 31.652185
label: person
pos: 480.843965 181.858286 15.088809 41.158258
occl: 0
lock: 0
posv: 0.000000 0.000000 0.000000 0.000000
