setid: 8
volid: 1
frameid: 1620
name: 08001001620
num: 2
label: person
pos: 527.237779 170.231337 16.838264 53.816961
occl: 1
lock: 0
posv: 534.615486 170.296234 1.000000 23.206940
label: person
pos: 513.402170 164.889592 27.547300 74.083291
occl: 1
lock: 0
posv: 514.577091 164.889592 26.372379 40.764218
