setid: 8
volid: 8
frameid: 1200
name: 08008001200
num: 1
label: person
pos: 541.735203 194.076246 15.000506 39.528690
occl: 1
lock: 0
posv: 542.790688 196.294599 10.952806 12.605967
