setid: 8
volid: 8
frameid: 240
name: 08008000240
num: 1
label: person
pos: 170.022931 138.372104 12.367150 15.569147
occl: 1
lock: 0
posv: 170.022931 138.372104 12.367150 15.569147
