setid: 8
volid: 6
frameid: 360
name: 08006000360
num: 2
label: person
pos: 474.959506 170.934783 13.140097 37.874396
occl: 1
lock: 0
posv: 485.915176 170.934783 1.000000 37.874396
label: person
pos: 499.652762 168.383935 1.000000 40.031392
occl: 0
lock: 0
posv: 0.000000 0.000000 0.000000 0.000000
