setid: 8
volid: 9
frameid: 1350
name: 08009001350
num: 2
label: person
pos: 618.044212 187.053851 21.886899 61.973271
occl: 0
lock: 0
posv: 0.000000 0.000000 0.000000 0.000000
label: person
pos: 109.539891 200.455376 25.835715 42.784527
occl: 1
lock: 0
posv: 125.010416 200.997727 1.000000 28.320546
