setid: 8
volid: 2
frameid: 150
name: 08002000150
num: 3
label: people
pos: 463.031401 180.171498 58.512077 52.019324
occl: 0
lock: 0
posv: 0.000000 0.000000 0.000000 0.000000
label: person
pos: 393.254411 184.445006 13.370783 33.605212
occl: 1
lock: 0
posv: 393.254411 184.451938 12.941615 33.598279
label: person
pos: 382.942569 186.010202 11.489017 28.837375
occl: 1
lock: 0
posv: 385.556258 186.010202 8.875328 28.837375
