setid: 8
volid: 0
frameid: 990
name: 08000000990
num: 1
label: person?
pos: 498.521195 184.390918 14.981935 35.172087
occl: 1
lock: 0
posv: 499.505839 185.165709 12.057709 17.136280
