setid: 8
volid: 1
frameid: 1140
name: 08001001140
num: 2
label: person
pos: 74.847258 206.418159 16.824098 34.782609
occl: 0
lock: 0
posv: 0.000000 0.000000 0.000000 0.000000
label: person
pos: 495.288613 173.554735 26.359426 62.703662
occl: 1
lock: 0
posv: 506.492343 174.912095 1.000000 38.926285
