setid: 8
volid: 9
frameid: 390
name: 08009000390
num: 1
label: person
pos: 440.076473 176.946568 15.492279 34.192010
occl: 1
lock: 0
posv: 442.423827 178.210809 12.845111 20.431471
