setid: 8
volid: 9
frameid: 720
name: 08009000720
num: 3
label: person
pos: 36.110259 194.783177 14.569977 31.376705
occl: 0
lock: 0
posv: 0.000000 0.000000 0.000000 0.000000
label: person
pos: 428.815288 190.631003 12.367150 26.218778
occl: 1
lock: 1
posv: 435.739166 192.888429 0.376238 23.961353
label: person
pos: 133.236056 182.318182 23.961353 42.652613
occl: 1
lock: 1
posv: 136.999389 182.318182 0.673267 42.652613
