setid: 8
volid: 8
frameid: 1800
name: 08008001800
num: 1
label: person
pos: 493.975321 189.491926 23.666977 57.061343
occl: 0
lock: 0
posv: 0.000000 0.000000 0.000000 0.000000
