setid: 8
volid: 1
frameid: 1440
name: 08001001440
num: 1
label: person
pos: 467.579426 180.759022 22.195936 69.016340
occl: 0
lock: 1
posv: 0.000000 0.000000 0.000000 0.000000
