setid: 8
volid: 0
frameid: 90
name: 08000000090
num: 1
label: person
pos: 109.229349 198.267889 11.720126 23.333636
occl: 1
lock: 0
posv: 109.229349 198.738477 6.817685 22.863048
