setid: 8
volid: 5
frameid: 1830
name: 08005001830
num: 1
label: person
pos: 539.494032 177.765558 17.200625 42.146931
occl: 0
lock: 0
posv: 0.000000 0.000000 0.000000 0.000000
