setid: 8
volid: 9
frameid: 540
name: 08009000540
num: 1
label: person
pos: 139.545752 192.709648 13.140097 27.826087
occl: 0
lock: 0
posv: 0.000000 0.000000 0.000000 0.000000
