setid: 8
volid: 0
frameid: 780
name: 08000000780
num: 4
label: person?
pos: 562.899900 184.929042 14.880179 38.976005
occl: 0
lock: 1
posv: 0.000000 0.000000 0.000000 0.000000
label: person
pos: 620.367510 181.762837 20.100668 48.656388
occl: 0
lock: 1
posv: 0.000000 0.000000 0.000000 0.000000
label: person?
pos: 586.503182 183.979474 19.883063 46.984850
occl: 0
lock: 0
posv: 0.000000 0.000000 0.000000 0.000000
label: person
pos: 104.607005 197.132737 15.234816 33.135494
occl: 1
lock: 0
posv: 104.674245 197.132737 14.668826 21.792711
