setid: 8
volid: 0
frameid: 1380
name: 08000001380
num: 1
label: person?
pos: 129.078891 191.625386 12.979318 27.991655
occl: 0
lock: 0
posv: 0.000000 0.000000 0.000000 0.000000
