setid: 8
volid: 1
frameid: 30
name: 08001000030
num: 2
label: person
pos: 371.050725 173.408213 39.420290 94.299517
occl: 0
lock: 0
posv: 0.000000 0.000000 0.000000 0.000000
label: person
pos: 258.664251 170.007246 40.193237 62.608696
occl: 0
lock: 0
posv: 0.000000 0.000000 0.000000 0.000000
