setid: 8
volid: 9
frameid: 750
name: 08009000750
num: 3
label: person
pos: 13.643592 191.983177 16.549375 36.436594
occl: 0
lock: 0
posv: 0.000000 0.000000 0.000000 0.000000
label: person
pos: 431.665104 187.539216 12.367150 24.609956
occl: 1
lock: 0
posv: 439.116669 188.187819 1.000000 23.961353
label: person
pos: 142.300615 179.788538 23.961353 44.339043
occl: 1
lock: 0
posv: 154.473682 179.788538 1.000000 44.339043
