setid: 8
volid: 9
frameid: 780
name: 08009000780
num: 2
label: person
pos: 433.166105 183.798509 13.925171 28.785497
occl: 1
lock: 0
posv: 440.037344 184.986898 1.000000 22.459128
label: person
pos: 151.365173 177.258893 23.961353 46.025472
occl: 1
lock: 0
posv: 164.482159 177.258893 1.000000 46.025472
