setid: 8
volid: 6
frameid: 570
name: 08006000570
num: 2
label: person
pos: 474.959506 170.934783 14.714057 54.866740
occl: 1
lock: 0
posv: 488.673563 187.927127 1.000000 37.874396
label: person
pos: 493.019655 172.480676 13.913043 56.077981
occl: 1
lock: 0
posv: 498.136282 189.911315 1.000000 38.647343
