setid: 8
volid: 4
frameid: 1290
name: 08004001290
num: 1
label: person
pos: 592.135200 158.606303 24.799999 62.364105
occl: 0
lock: 0
posv: 0.000000 0.000000 0.000000 0.000000
