setid: 8
volid: 9
frameid: 1200
name: 08009001200
num: 2
label: person
pos: 601.388463 183.423132 30.579710 62.868713
occl: 0
lock: 1
posv: 0.000000 0.000000 0.000000 0.000000
label: person
pos: 118.155708 202.890953 22.995169 38.283347
occl: 1
lock: 0
posv: 118.155708 202.890953 22.501155 26.760227
