setid: 8
volid: 0
frameid: 120
name: 08000000120
num: 1
label: person
pos: 82.192565 194.699409 14.060271 28.544649
occl: 0
lock: 0
posv: 0.000000 0.000000 0.000000 0.000000
