setid: 8
volid: 2
frameid: 120
name: 08002000120
num: 3
label: people
pos: 459.862319 183.842995 46.222222 41.739130
occl: 0
lock: 0
posv: 0.000000 0.000000 0.000000 0.000000
label: person
pos: 406.644114 187.585021 10.258014 19.609559
occl: 0
lock: 0
posv: 0.000000 0.000000 0.000000 0.000000
label: person
pos: 396.166066 186.696078 12.871473 28.255468
occl: 1
lock: 0
posv: 404.003950 187.474266 1.000000 17.323478
