setid: 8
volid: 6
frameid: 1110
name: 08006001110
num: 2
label: person
pos: 495.958937 191.454533 16.874964 51.364308
occl: 0
lock: 1
posv: 0.000000 0.000000 0.000000 0.000000
label: person
pos: 513.939591 191.539523 19.031412 54.119717
occl: 0
lock: 0
posv: 0.000000 0.000000 0.000000 0.000000
