setid: 8
volid: 6
frameid: 630
name: 08006000630
num: 2
label: person
pos: 474.959506 170.934783 13.140097 53.383281
occl: 1
lock: 0
posv: 485.997272 186.443668 1.000000 37.874396
label: person
pos: 489.670219 182.528986 13.913043 43.157401
occl: 1
lock: 0
posv: 496.179107 187.039043 1.000000 38.647343
