setid: 8
volid: 2
frameid: 1410
name: 08002001410
num: 1
label: person
pos: 395.594487 196.090651 17.004831 27.053140
occl: 0
lock: 0
posv: 0.000000 0.000000 0.000000 0.000000
