setid: 8
volid: 1
frameid: 690
name: 08001000690
num: 1
label: person
pos: 249.738319 180.100825 10.187903 19.846485
occl: 0
lock: 0
posv: 0.000000 0.000000 0.000000 0.000000
