setid: 8
volid: 0
frameid: 510
name: 08000000510
num: 1
label: person
pos: 603.185600 187.261154 20.273053 47.372958
occl: 0
lock: 1
posv: 0.000000 0.000000 0.000000 0.000000
