setid: 8
volid: 9
frameid: 450
name: 08009000450
num: 2
label: person
pos: 517.865228 170.567676 21.979523 50.400549
occl: 1
lock: 0
posv: 519.427684 170.567676 17.233787 15.874484
label: person
pos: 550.888832 166.780534 25.761230 59.842980
occl: 1
lock: 0
posv: 557.696102 167.203784 18.953960 44.830075
