setid: 8
volid: 6
frameid: 750
name: 08006000750
num: 2
label: person
pos: 474.959506 170.934783 13.704711 53.910156
occl: 1
lock: 0
posv: 487.664217 186.970543 1.000000 37.874396
label: person
pos: 489.670219 186.176044 13.913043 38.647343
occl: 1
lock: 0
posv: 495.622128 186.176044 1.000000 35.736538
