setid: 8
volid: 9
frameid: 240
name: 08009000240
num: 3
label: person
pos: 607.905093 177.920716 23.625602 77.777991
occl: 1
lock: 0
posv: 608.187253 178.066116 21.439297 25.026005
label: person
pos: 580.699687 183.432367 25.724446 77.579777
occl: 1
lock: 0
posv: 585.514495 183.432367 1.000000 40.828860
label: person
pos: 532.254396 187.580071 20.904731 50.645292
occl: 1
lock: 0
posv: 535.058312 187.787566 14.937730 21.365351
