setid: 8
volid: 2
frameid: 180
name: 08002000180
num: 6
label: person
pos: 504.392924 171.101876 23.007332 66.910827
occl: 0
lock: 0
posv: 0.000000 0.000000 0.000000 0.000000
label: person
pos: 523.003410 183.910202 20.880861 53.841944
occl: 0
lock: 0
posv: 0.000000 0.000000 0.000000 0.000000
label: person
pos: 489.922679 175.777977 19.539413 61.738448
occl: 0
lock: 1
posv: 0.000000 0.000000 0.000000 0.000000
label: person
pos: 458.468457 178.973146 19.542256 56.625405
occl: 0
lock: 1
posv: 0.000000 0.000000 0.000000 0.000000
label: person
pos: 380.710713 181.142555 16.914375 40.449008
occl: 0
lock: 0
posv: 0.000000 0.000000 0.000000 0.000000
label: person
pos: 365.159276 182.824450 12.192668 36.935136
occl: 0
lock: 1
posv: 0.000000 0.000000 0.000000 0.000000
