setid: 8
volid: 9
frameid: 690
name: 08009000690
num: 2
label: person
pos: 60.059818 192.577295 13.140097 27.826087
occl: 0
lock: 0
posv: 0.000000 0.000000 0.000000 0.000000
label: person
pos: 124.171498 184.847826 23.961353 40.966184
occl: 0
lock: 1
posv: 0.000000 0.000000 0.000000 0.000000
