setid: 8
volid: 9
frameid: 600
name: 08009000600
num: 2
label: person
pos: 109.118642 192.400824 13.140097 27.826087
occl: 0
lock: 0
posv: 0.000000 0.000000 0.000000 0.000000
label: person
pos: 517.760482 169.997767 22.577967 56.544236
occl: 1
lock: 1
posv: 521.252978 169.997767 17.587407 22.605548
