setid: 8
volid: 8
frameid: 1350
name: 08008001350
num: 1
label: person
pos: 356.122279 190.751729 20.919608 33.692406
occl: 0
lock: 0
posv: 0.000000 0.000000 0.000000 0.000000
