setid: 8
volid: 1
frameid: 1590
name: 08001001590
num: 1
label: person
pos: 509.627069 164.671924 26.461983 78.412890
occl: 1
lock: 0
posv: 509.780264 164.671924 26.308788 41.818414
