setid: 8
volid: 2
frameid: 270
name: 08002000270
num: 2
label: person
pos: 532.235672 154.536800 34.370609 89.209577
occl: 0
lock: 0
posv: 0.000000 0.000000 0.000000 0.000000
label: person
pos: 458.713765 161.487809 31.082072 84.461996
occl: 0
lock: 0
posv: 0.000000 0.000000 0.000000 0.000000
