setid: 8
volid: 9
frameid: 1170
name: 08009001170
num: 2
label: person
pos: 591.486502 181.937837 30.579710 62.868713
occl: 0
lock: 0
posv: 0.000000 0.000000 0.000000 0.000000
label: person
pos: 122.062944 202.800369 22.995169 37.059046
occl: 1
lock: 0
posv: 122.062944 202.865587 22.734300 28.320546
