setid: 8
volid: 1
frameid: 720
name: 08001000720
num: 1
label: person
pos: 222.607644 173.697689 10.821256 20.096618
occl: 0
lock: 0
posv: 0.000000 0.000000 0.000000 0.000000
