setid: 8
volid: 2
frameid: 480
name: 08002000480
num: 1
label: person
pos: 451.245638 174.799517 18.656436 46.962660
occl: 1
lock: 0
posv: 451.788686 174.799517 18.113388 40.988386
