setid: 8
volid: 1
frameid: 1710
name: 08001001710
num: 4
label: people
pos: 53.060386 208.809179 30.144928 34.009662
occl: 0
lock: 0
posv: 0.000000 0.000000 0.000000 0.000000
label: person
pos: 556.947002 177.513072 26.252838 66.758526
occl: 1
lock: 0
posv: 557.006196 177.513072 23.360671 42.085958
label: person
pos: 527.649758 173.868002 30.580101 88.274510
occl: 0
lock: 1
posv: 0.000000 0.000000 0.000000 0.000000
label: people
pos: 414.470115 190.387279 30.731979 53.075684
occl: 0
lock: 0
posv: 0.000000 0.000000 0.000000 0.000000
