setid: 8
volid: 1
frameid: 210
name: 08001000210
num: 1
label: person
pos: 290.310328 181.960820 17.777778 28.599034
occl: 0
lock: 0
posv: 0.000000 0.000000 0.000000 0.000000
