setid: 8
volid: 8
frameid: 270
name: 08008000270
num: 1
label: person
pos: 154.111021 131.187542 9.461323 17.732596
occl: 0
lock: 0
posv: 0.000000 0.000000 0.000000 0.000000
