setid: 8
volid: 1
frameid: 1110
name: 08001001110
num: 2
label: person
pos: 94.138534 203.863456 16.824098 34.782609
occl: 0
lock: 0
posv: 0.000000 0.000000 0.000000 0.000000
label: person
pos: 510.488458 170.444481 27.011220 67.062854
occl: 1
lock: 0
posv: 510.488458 170.444481 27.011220 67.062854
