setid: 8
volid: 6
frameid: 330
name: 08006000330
num: 1
label: person
pos: 472.716858 170.934783 12.515778 36.128181
occl: 0
lock: 0
posv: 0.000000 0.000000 0.000000 0.000000
