setid: 8
volid: 3
frameid: 1740
name: 08003001740
num: 1
label: person
pos: 152.825264 244.888311 17.406095 43.029554
occl: 0
lock: 0
posv: 0.000000 0.000000 0.000000 0.000000
