setid: 8
volid: 5
frameid: 60
name: 08005000060
num: 2
label: person
pos: 486.079348 187.558454 20.198370 36.329952
occl: 0
lock: 0
posv: 0.000000 0.000000 0.000000 0.000000
label: person
pos: 596.044542 183.537246 26.709194 56.237343
occl: 0
lock: 0
posv: 0.000000 0.000000 0.000000 0.000000
