setid: 8
volid: 5
frameid: 1800
name: 08005001800
num: 1
label: person
pos: 537.673797 177.817590 16.934788 38.617713
occl: 0
lock: 0
posv: 0.000000 0.000000 0.000000 0.000000
