setid: 8
volid: 4
frameid: 810
name: 08004000810
num: 2
label: person-fa
pos: 463.265150 175.864876 18.699133 47.012539
occl: 0
lock: 0
posv: 0.000000 0.000000 0.000000 0.000000
label: person
pos: 561.041063 164.771526 21.642512 64.443450
occl: 0
lock: 0
posv: 0.000000 0.000000 0.000000 0.000000
