setid: 8
volid: 6
frameid: 960
name: 08006000960
num: 2
label: person
pos: 474.959506 172.130861 13.140097 49.708350
occl: 1
lock: 0
posv: 485.244850 183.964815 1.000000 37.874396
label: person
pos: 489.670219 186.176044 13.913043 38.647343
occl: 1
lock: 0
posv: 494.665053 186.176044 1.000000 38.647343
