setid: 8
volid: 1
frameid: 450
name: 08001000450
num: 2
label: people
pos: 88.963768 196.072606 36.251208 28.195510
occl: 0
lock: 0
posv: 0.000000 0.000000 0.000000 0.000000
label: person
pos: 518.251479 175.132468 25.186311 68.386145
occl: 0
lock: 0
posv: 0.000000 0.000000 0.000000 0.000000
