setid: 8
volid: 0
frameid: 1590
name: 08000001590
num: 3
label: person
pos: 520.423203 174.617804 12.225628 30.850482
occl: 1
lock: 0
posv: 520.423203 174.754744 9.805662 11.032531
label: person
pos: 507.149435 170.932047 16.495884 38.240005
occl: 1
lock: 1
posv: 507.320790 170.939096 14.060031 14.017116
label: person
pos: 534.615121 167.498503 20.896300 53.305213
occl: 1
lock: 0
posv: 536.680838 167.551752 18.830583 18.586125
