setid: 8
volid: 1
frameid: 1380
name: 08001001380
num: 1
label: person
pos: 475.429769 179.654813 22.195936 66.963098
occl: 1
lock: 0
posv: 479.506281 179.654813 1.062850 66.963098
