setid: 8
volid: 9
frameid: 60
name: 08009000060
num: 3
label: person?
pos: 123.200995 206.209150 11.594203 20.714976
occl: 0
lock: 0
posv: 0.000000 0.000000 0.000000 0.000000
label: person
pos: 137.767471 205.325845 10.072128 23.961353
occl: 0
lock: 0
posv: 0.000000 0.000000 0.000000 0.000000
label: person
pos: 146.008383 204.008951 11.511225 22.415459
occl: 0
lock: 0
posv: 0.000000 0.000000 0.000000 0.000000
