setid: 8
volid: 1
frameid: 1020
name: 08001001020
num: 4
label: person
pos: 410.976829 188.275780 15.458937 25.507246
occl: 1
lock: 0
posv: 420.470777 188.709316 1.000000 19.251469
label: person
pos: 166.567633 192.446758 16.824098 34.782609
occl: 0
lock: 0
posv: 0.000000 0.000000 0.000000 0.000000
label: person
pos: 614.219807 155.326371 21.757460 71.093492
occl: 1
lock: 0
posv: 634.254447 155.326371 1.000000 41.996544
label: person
pos: 531.811772 162.983466 22.736770 65.914621
occl: 0
lock: 0
posv: 0.000000 0.000000 0.000000 0.000000
