setid: 8
volid: 1
frameid: 360
name: 08001000360
num: 2
label: person
pos: 386.767557 187.572701 22.257374 47.113280
occl: 0
lock: 0
posv: 0.000000 0.000000 0.000000 0.000000
label: person
pos: 424.227423 187.111979 14.685990 37.156137
occl: 1
lock: 0
posv: 426.022649 187.111979 9.122938 34.667649
