setid: 8
volid: 8
frameid: 1740
name: 08008001740
num: 1
label: person
pos: 428.901350 204.578332 26.565107 36.245038
occl: 0
lock: 0
posv: 0.000000 0.000000 0.000000 0.000000
