setid: 8
volid: 9
frameid: 120
name: 08009000120
num: 3
label: person
pos: 77.328197 201.607218 9.513054 26.510088
occl: 0
lock: 0
posv: 0.000000 0.000000 0.000000 0.000000
label: person
pos: 87.235090 199.273941 12.229426 29.743109
occl: 1
lock: 0
posv: 93.322225 199.273941 1.000000 29.743109
label: person
pos: 111.154192 204.376209 15.458937 25.507246
occl: 1
lock: 0
posv: 123.035325 204.376209 1.000000 25.507246
