setid: 8
volid: 1
frameid: 330
name: 08001000330
num: 1
label: person
pos: 346.259875 188.893294 20.539642 37.423132
occl: 0
lock: 0
posv: 0.000000 0.000000 0.000000 0.000000
