setid: 8
volid: 2
frameid: 1650
name: 08002001650
num: 1
label: person
pos: 420.902551 179.011091 19.708332 37.482639
occl: 1
lock: 0
posv: 421.403680 179.011091 19.207202 18.976832
