setid: 8
volid: 1
frameid: 1500
name: 08001001500
num: 1
label: person
pos: 498.593990 170.010159 26.343913 76.377178
occl: 1
lock: 0
posv: 499.304989 170.010159 25.632914 38.443096
