setid: 8
volid: 2
frameid: 720
name: 08002000720
num: 1
label: person
pos: 271.907303 205.949275 15.458937 26.280193
occl: 0
lock: 0
posv: 0.000000 0.000000 0.000000 0.000000
