setid: 8
volid: 0
frameid: 810
name: 08000000810
num: 1
label: person
pos: 67.302664 195.652619 13.999621 34.746804
occl: 0
lock: 0
posv: 0.000000 0.000000 0.000000 0.000000
