setid: 8
volid: 2
frameid: 300
name: 08002000300
num: 1
label: person
pos: 587.927070 134.218172 46.790472 152.107471
occl: 0
lock: 1
posv: 0.000000 0.000000 0.000000 0.000000
