setid: 8
volid: 8
frameid: 930
name: 08008000930
num: 1
label: person
pos: 493.028272 181.071133 19.039558 38.087075
occl: 1
lock: 0
posv: 501.042423 185.375179 1.000000 33.721355
