setid: 8
volid: 0
frameid: 1440
name: 08000001440
num: 2
label: person
pos: 602.465814 185.388781 22.312350 47.447133
occl: 1
lock: 1
posv: 602.465814 188.509234 19.133065 16.084553
label: person?
pos: 93.383205 194.960974 15.860059 30.917874
occl: 1
lock: 0
posv: 108.243264 194.960974 1.000000 30.917874
