setid: 8
volid: 1
frameid: 1410
name: 08001001410
num: 1
label: person
pos: 470.719563 180.317339 22.195936 68.195043
occl: 1
lock: 0
posv: 484.500519 180.317339 1.082221 68.195043
