setid: 8
volid: 0
frameid: 180
name: 08000000180
num: 1
label: person
pos: 96.344700 184.538789 14.685990 25.507246
occl: 0
lock: 1
posv: 0.000000 0.000000 0.000000 0.000000
