setid: 8
volid: 0
frameid: 330
name: 08000000330
num: 1
label: person-fa
pos: 101.601449 192.731884 13.140097 28.599034
occl: 0
lock: 0
posv: 0.000000 0.000000 0.000000 0.000000
