setid: 8
volid: 6
frameid: 1140
name: 08006001140
num: 2
label: person
pos: 526.876812 189.908639 19.966752 58.320830
occl: 0
lock: 1
posv: 0.000000 0.000000 0.000000 0.000000
label: person
pos: 547.342489 187.605223 20.258394 60.402540
occl: 1
lock: 1
posv: 555.528375 187.605223 1.211755 60.402540
