setid: 8
volid: 5
frameid: 450
name: 08005000450
num: 1
label: person
pos: 487.427273 175.160898 14.449991 40.151442
occl: 1
lock: 0
posv: 490.222191 176.419180 1.000000 36.935839
