setid: 8
volid: 1
frameid: 270
name: 08001000270
num: 1
label: person
pos: 308.920034 187.289400 17.777778 28.599034
occl: 0
lock: 0
posv: 0.000000 0.000000 0.000000 0.000000
