setid: 8
volid: 0
frameid: 210
name: 08000000210
num: 1
label: person
pos: 36.828502 176.809321 16.231174 35.864592
occl: 0
lock: 1
posv: 0.000000 0.000000 0.000000 0.000000
