setid: 8
volid: 9
frameid: 180
name: 08009000180
num: 3
label: person?
pos: 31.952401 202.070617 12.180790 28.873970
occl: 0
lock: 0
posv: 0.000000 0.000000 0.000000 0.000000
label: person
pos: 50.818931 205.614474 15.458937 25.663235
occl: 1
lock: 0
posv: 57.758783 205.618019 1.000000 25.659690
label: person
pos: 488.031259 189.257872 17.285166 45.421228
occl: 1
lock: 0
posv: 489.254265 189.872087 16.062159 14.163802
