setid: 8
volid: 4
frameid: 720
name: 08004000720
num: 1
label: people
pos: 544.339295 180.903330 14.685990 34.562376
occl: 0
lock: 0
posv: 0.000000 0.000000 0.000000 0.000000
