setid: 8
volid: 0
frameid: 840
name: 08000000840
num: 1
label: person
pos: 13.834994 193.291918 16.672457 34.800974
occl: 1
lock: 1
posv: 13.834994 193.291918 16.672457 18.943033
