setid: 8
volid: 9
frameid: 1290
name: 08009001290
num: 2
label: person
pos: 601.388463 185.403524 30.579710 62.868713
occl: 0
lock: 1
posv: 0.000000 0.000000 0.000000 0.000000
label: person
pos: 110.344564 200.634982 25.564344 41.415907
occl: 1
lock: 0
posv: 117.782156 200.850757 1.000000 28.104770
