setid: 8
volid: 2
frameid: 510
name: 08002000510
num: 1
label: person
pos: 482.697560 173.104419 22.399673 56.251748
occl: 0
lock: 0
posv: 0.000000 0.000000 0.000000 0.000000
