setid: 8
volid: 5
frameid: 1320
name: 08005001320
num: 1
label: person
pos: 135.261173 195.669082 10.048309 28.599034
occl: 1
lock: 0
posv: 138.624609 195.755655 1.000000 26.635846
