setid: 8
volid: 0
frameid: 1680
name: 08000001680
num: 2
label: people
pos: 448.532030 171.430581 37.101449 27.882394
occl: 0
lock: 0
posv: 0.000000 0.000000 0.000000 0.000000
label: person
pos: 546.965913 168.095274 23.318266 55.655130
occl: 1
lock: 0
posv: 546.965913 169.166090 23.150622 14.487621
