setid: 8
volid: 0
frameid: 1470
name: 08000001470
num: 2
label: person
pos: 476.968049 183.899686 14.611318 35.704651
occl: 0
lock: 0
posv: 0.000000 0.000000 0.000000 0.000000
label: person
pos: 463.983252 183.338575 15.546323 40.211077
occl: 1
lock: 0
posv: 468.374878 184.377941 11.099305 36.645412
