setid: 8
volid: 8
frameid: 810
name: 08008000810
num: 1
label: person
pos: 517.742985 165.051475 14.093928 32.090472
occl: 0
lock: 1
posv: 0.000000 0.000000 0.000000 0.000000
