setid: 8
volid: 1
frameid: 990
name: 08001000990
num: 4
label: person
pos: 409.958936 183.355225 13.388292 24.729482
occl: 0
lock: 1
posv: 0.000000 0.000000 0.000000 0.000000
label: person
pos: 191.718983 186.905229 14.899801 34.782609
occl: 0
lock: 0
posv: 0.000000 0.000000 0.000000 0.000000
label: person
pos: 603.173913 153.973714 29.904803 71.093492
occl: 1
lock: 1
posv: 613.781099 153.973714 1.000000 39.224186
label: person
pos: 533.238286 160.145638 21.121912 64.122478
occl: 0
lock: 1
posv: 0.000000 0.000000 0.000000 0.000000
