setid: 8
volid: 0
frameid: 270
name: 08000000270
num: 2
label: person
pos: 521.566342 178.705226 9.508603 29.523856
occl: 1
lock: 0
posv: 521.566342 178.705226 7.629310 23.920378
label: person
pos: 513.657225 179.575595 10.466246 30.202193
occl: 1
lock: 0
posv: 513.657225 179.575595 9.904018 15.877373
