setid: 8
volid: 1
frameid: 1050
name: 08001001050
num: 3
label: person
pos: 412.965411 192.202052 15.458937 25.507246
occl: 1
lock: 1
posv: 415.950197 192.763007 7.364107 18.878373
label: person
pos: 141.670446 199.570759 16.824098 34.782609
occl: 0
lock: 0
posv: 0.000000 0.000000 0.000000 0.000000
label: person
pos: 527.931341 163.175050 25.589661 70.345952
occl: 0
lock: 1
posv: 0.000000 0.000000 0.000000 0.000000
