setid: 8
volid: 1
frameid: 1560
name: 08001001560
num: 1
label: person
pos: 508.904447 164.671924 28.107794 76.862002
occl: 1
lock: 0
posv: 509.780264 164.671924 26.308788 41.818414
