setid: 8
volid: 9
frameid: 1410
name: 08009001410
num: 1
label: person
pos: 83.049762 206.996953 30.348198 47.300607
occl: 1
lock: 0
posv: 97.360999 207.665517 1.000000 34.080424
