setid: 8
volid: 0
frameid: 1770
name: 08000001770
num: 2
label: person
pos: 549.226233 176.731884 22.722034 57.115014
occl: 1
lock: 0
posv: 551.764136 177.184854 20.184131 31.073935
label: person
pos: 567.322052 178.678521 15.697320 38.408990
occl: 1
lock: 0
posv: 567.331955 178.678521 14.658595 34.910187
