setid: 8
volid: 0
frameid: 1170
name: 08000001170
num: 2
label: person?
pos: 45.153311 179.746377 12.367150 35.555556
occl: 1
lock: 0
posv: 51.756095 179.746377 1.000000 35.555556
label: person?
pos: 33.466589 180.822531 13.637391 43.039927
occl: 1
lock: 0
posv: 33.466589 181.456806 12.772257 34.887397
