setid: 8
volid: 8
frameid: 360
name: 08008000360
num: 1
label: person
pos: 94.566460 170.671880 14.911911 24.955744
occl: 0
lock: 0
posv: 0.000000 0.000000 0.000000 0.000000
