setid: 8
volid: 0
frameid: 1740
name: 08000001740
num: 1
label: person
pos: 551.467799 174.370088 21.782334 57.910203
occl: 1
lock: 0
posv: 551.863796 174.696752 16.136431 17.542304
