setid: 8
volid: 8
frameid: 1080
name: 08008001080
num: 1
label: person
pos: 472.244460 195.680529 12.370870 35.517642
occl: 1
lock: 0
posv: 472.567925 196.436469 1.000000 34.465294
