setid: 8
volid: 7
frameid: 1620
name: 08007001620
num: 3
label: person
pos: 459.772918 174.489656 18.422336 45.147826
occl: 0
lock: 0
posv: 0.000000 0.000000 0.000000 0.000000
label: person
pos: 506.734157 165.060386 18.352714 57.914180
occl: 1
lock: 1
posv: 511.840890 165.060386 0.643564 40.407324
label: person
pos: 435.209528 172.690297 23.480903 46.517303
occl: 0
lock: 0
posv: 0.000000 0.000000 0.000000 0.000000
