setid: 8
volid: 9
frameid: 1320
name: 08009001320
num: 2
label: person
pos: 599.408070 183.423132 30.579710 62.868713
occl: 0
lock: 0
posv: 0.000000 0.000000 0.000000 0.000000
label: person
pos: 110.956757 200.634982 24.037711 41.415907
occl: 1
lock: 0
posv: 118.194837 200.670944 1.000000 28.284583
