setid: 8
volid: 7
frameid: 1590
name: 08007001590
num: 3
label: person
pos: 438.451691 168.925121 14.995169 44.830918
occl: 0
lock: 0
posv: 0.000000 0.000000 0.000000 0.000000
label: person
pos: 469.078119 170.934783 14.535834 43.285024
occl: 0
lock: 0
posv: 0.000000 0.000000 0.000000 0.000000
label: person
pos: 419.591787 174.335749 18.396135 41.739130
occl: 0
lock: 0
posv: 0.000000 0.000000 0.000000 0.000000
