setid: 8
volid: 9
frameid: 810
name: 08009000810
num: 1
label: person
pos: 165.910628 168.615942 27.814010 59.516908
occl: 0
lock: 1
posv: 0.000000 0.000000 0.000000 0.000000
