setid: 8
volid: 0
frameid: 1650
name: 08000001650
num: 3
label: people
pos: 444.171498 170.161836 37.101449 31.690821
occl: 0
lock: 0
posv: 0.000000 0.000000 0.000000 0.000000
label: person
pos: 500.611275 166.675953 15.526694 36.137455
occl: 1
lock: 0
posv: 502.006888 166.876821 14.027251 13.000373
label: person
pos: 546.230586 165.199858 22.756161 56.018261
occl: 1
lock: 1
posv: 546.445985 165.224956 20.100607 14.340287
