setid: 8
volid: 9
frameid: 570
name: 08009000570
num: 2
label: person
pos: 124.839869 192.547883 13.140097 27.826087
occl: 0
lock: 0
posv: 0.000000 0.000000 0.000000 0.000000
label: person
pos: 480.774671 177.237163 19.811263 52.535858
occl: 1
lock: 0
posv: 491.182162 177.237163 1.000000 28.283502
