setid: 8
volid: 8
frameid: 330
name: 08008000330
num: 1
label: person
pos: 114.078360 150.799517 14.791347 23.164535
occl: 0
lock: 0
posv: 0.000000 0.000000 0.000000 0.000000
