setid: 8
volid: 6
frameid: 900
name: 08006000900
num: 2
label: person
pos: 474.959506 172.130861 13.140097 53.159607
occl: 1
lock: 0
posv: 483.478477 187.416072 1.000000 37.874396
label: person
pos: 489.670219 186.176044 13.913043 38.647343
occl: 1
lock: 0
posv: 495.287711 186.176044 1.000000 38.647343
