setid: 8
volid: 5
frameid: 1350
name: 08005001350
num: 1
label: person
pos: 96.538742 198.090982 10.048309 28.599034
occl: 0
lock: 1
posv: 0.000000 0.000000 0.000000 0.000000
