setid: 8
volid: 2
frameid: 540
name: 08002000540
num: 1
label: person
pos: 553.397130 160.629156 31.296107 77.088235
occl: 0
lock: 0
posv: 0.000000 0.000000 0.000000 0.000000
