setid: 8
volid: 1
frameid: 1530
name: 08001001530
num: 1
label: person
pos: 504.525362 164.671924 28.509284 78.154409
occl: 1
lock: 0
posv: 507.983208 165.020070 22.466405 39.661182
