setid: 8
volid: 0
frameid: 390
name: 08000000390
num: 1
label: person-fa
pos: 59.552003 199.972009 14.685990 28.599034
occl: 0
lock: 0
posv: 0.000000 0.000000 0.000000 0.000000
