setid: 8
volid: 0
frameid: 720
name: 08000000720
num: 4
label: person?
pos: 496.013626 190.993748 14.544885 29.212482
occl: 0
lock: 0
posv: 0.000000 0.000000 0.000000 0.000000
label: person
pos: 532.380399 187.394608 14.559534 34.317136
occl: 0
lock: 0
posv: 0.000000 0.000000 0.000000 0.000000
label: person?
pos: 511.264706 191.281188 14.276982 31.355055
occl: 0
lock: 0
posv: 0.000000 0.000000 0.000000 0.000000
label: person
pos: 156.014351 197.889088 14.685990 25.507246
occl: 0
lock: 0
posv: 0.000000 0.000000 0.000000 0.000000
