setid: 8
volid: 0
frameid: 660
name: 08000000660
num: 5
label: person
pos: 578.418159 190.258454 15.458937 38.590686
occl: 0
lock: 1
posv: 0.000000 0.000000 0.000000 0.000000
label: person
pos: 124.557654 197.872592 8.920412 27.216321
occl: 0
lock: 1
posv: 0.000000 0.000000 0.000000 0.000000
label: person
pos: 497.066940 188.540441 12.477870 29.811368
occl: 1
lock: 0
posv: 497.066940 188.564688 12.425528 15.783411
label: person?
pos: 482.294154 191.796271 11.447616 25.295813
occl: 0
lock: 0
posv: 0.000000 0.000000 0.000000 0.000000
label: person
pos: 193.939033 197.863727 12.666022 22.767160
occl: 0
lock: 0
posv: 0.000000 0.000000 0.000000 0.000000
