setid: 8
volid: 6
frameid: 540
name: 08006000540
num: 2
label: person
pos: 474.959506 170.934783 18.792762 51.832393
occl: 1
lock: 1
posv: 492.752268 184.892779 1.000000 37.874396
label: person
pos: 493.534953 170.934783 14.688488 51.829895
occl: 1
lock: 1
posv: 507.223441 184.117335 1.000000 38.647343
