setid: 8
volid: 9
frameid: 900
name: 08009000900
num: 1
label: person
pos: 268.298565 173.006916 31.312056 58.677373
occl: 1
lock: 0
posv: 290.034886 173.006916 1.000000 58.659184
