setid: 8
volid: 0
frameid: 1560
name: 08000001560
num: 2
label: person
pos: 501.058186 174.719163 16.356470 36.575285
occl: 1
lock: 1
posv: 503.184478 175.518618 13.273020 13.290468
label: person
pos: 520.444265 172.785719 18.420627 49.692956
occl: 1
lock: 0
posv: 523.063602 173.648110 15.801290 33.869281
