setid: 8
volid: 1
frameid: 1740
name: 08001001740
num: 4
label: people
pos: 32.866013 211.435067 30.814578 34.009662
occl: 0
lock: 0
posv: 0.000000 0.000000 0.000000 0.000000
label: person
pos: 594.815644 173.859477 29.300014 74.928313
occl: 0
lock: 1
posv: 0.000000 0.000000 0.000000 0.000000
label: person
pos: 550.838164 173.095055 34.782609 102.187553
occl: 0
lock: 1
posv: 0.000000 0.000000 0.000000 0.000000
label: people
pos: 419.504011 191.301852 27.874496 49.885801
occl: 0
lock: 0
posv: 0.000000 0.000000 0.000000 0.000000
