setid: 8
volid: 7
frameid: 1680
name: 08007001680
num: 2
label: person
pos: 560.783193 156.061239 27.993763 70.039791
occl: 0
lock: 0
posv: 0.000000 0.000000 0.000000 0.000000
label: person
pos: 522.288141 158.825707 34.652031 73.416919
occl: 0
lock: 0
posv: 0.000000 0.000000 0.000000 0.000000
