setid: 8
volid: 1
frameid: 1290
name: 08001001290
num: 2
label: person
pos: 55.302782 208.087195 15.773212 30.144928
occl: 1
lock: 0
posv: 69.413654 209.682379 1.000000 28.549744
label: person
pos: 489.560386 177.667235 22.195936 63.624193
occl: 1
lock: 0
posv: 498.848748 177.792059 1.088800 63.499369
