setid: 8
volid: 8
frameid: 210
name: 08008000210
num: 1
label: person
pos: 182.641727 151.444694 10.809490 18.127230
occl: 0
lock: 0
posv: 0.000000 0.000000 0.000000 0.000000
