setid: 8
volid: 0
frameid: 1410
name: 08000001410
num: 2
label: person
pos: 554.257771 189.089798 16.515043 37.881948
occl: 0
lock: 0
posv: 0.000000 0.000000 0.000000 0.000000
label: person?
pos: 114.409605 194.009832 13.858909 29.254240
occl: 0
lock: 0
posv: 0.000000 0.000000 0.000000 0.000000
