setid: 8
volid: 1
frameid: 1680
name: 08001001680
num: 2
label: person
pos: 541.023719 173.942092 18.959318 55.443207
occl: 1
lock: 0
posv: 542.321032 173.942092 15.692034 21.417616
label: person
pos: 522.865973 169.356555 25.871719 55.671770
occl: 0
lock: 0
posv: 0.000000 0.000000 0.000000 0.000000
