setid: 8
volid: 9
frameid: 1230
name: 08009001230
num: 2
label: person
pos: 601.388463 184.413328 30.579710 62.868713
occl: 0
lock: 0
posv: 0.000000 0.000000 0.000000 0.000000
label: person
pos: 115.364206 200.634982 24.180570 39.527869
occl: 1
lock: 0
posv: 116.038505 200.634982 22.995169 28.320546
