setid: 8
volid: 3
frameid: 1710
name: 08003001710
num: 1
label: person
pos: 329.491844 240.777636 17.777778 43.029554
occl: 0
lock: 0
posv: 0.000000 0.000000 0.000000 0.000000
