setid: 8
volid: 6
frameid: 390
name: 08006000390
num: 2
label: person
pos: 474.959506 170.934783 14.140097 37.874396
occl: 1
lock: 0
posv: 488.099602 170.934783 1.000000 37.874396
label: person
pos: 493.534953 170.122916 13.913043 39.459210
occl: 1
lock: 0
posv: 505.370067 170.122916 1.000000 38.647343
