setid: 8
volid: 1
frameid: 240
name: 08001000240
num: 1
label: person
pos: 299.449446 183.478616 17.777778 28.599034
occl: 0
lock: 0
posv: 0.000000 0.000000 0.000000 0.000000
