setid: 8
volid: 1
frameid: 810
name: 08001000810
num: 1
label: person
pos: 139.561627 172.357914 13.375921 24.729450
occl: 0
lock: 0
posv: 0.000000 0.000000 0.000000 0.000000
