setid: 8
volid: 1
frameid: 1230
name: 08001001230
num: 1
label: person
pos: 489.560386 177.667235 22.195936 63.267263
occl: 1
lock: 0
posv: 496.224235 177.667235 1.034959 63.267263
