setid: 8
volid: 9
frameid: 90
name: 08009000090
num: 3
label: person
pos: 111.136040 202.028787 9.421222 26.255215
occl: 0
lock: 0
posv: 0.000000 0.000000 0.000000 0.000000
label: person
pos: 120.666283 201.873117 11.580236 26.603865
occl: 0
lock: 0
posv: 0.000000 0.000000 0.000000 0.000000
label: person
pos: 139.672678 204.593491 10.062468 23.370628
occl: 0
lock: 0
posv: 0.000000 0.000000 0.000000 0.000000
