setid: 8
volid: 1
frameid: 870
name: 08001000870
num: 2
label: person
pos: 58.696397 189.394013 14.930512 27.255800
occl: 1
lock: 0
posv: 72.626910 189.394013 1.000000 27.175902
label: person
pos: 454.247042 163.359246 14.676819 40.665024
occl: 1
lock: 0
posv: 464.947523 163.397175 1.000000 40.627095
