setid: 8
volid: 4
frameid: 1260
name: 08004001260
num: 1
label: person
pos: 535.912365 165.548472 22.540088 43.715266
occl: 0
lock: 0
posv: 0.000000 0.000000 0.000000 0.000000
