setid: 8
volid: 6
frameid: 660
name: 08006000660
num: 2
label: person
pos: 474.959506 170.934783 13.140097 51.562673
occl: 1
lock: 0
posv: 482.822638 184.623060 1.000000 37.874396
label: person
pos: 489.241455 185.139617 13.838469 38.664868
occl: 1
lock: 0
posv: 494.717873 185.139617 1.000000 38.647343
