setid: 8
volid: 1
frameid: 1080
name: 08001001080
num: 2
label: person
pos: 85.134649 206.910799 16.824098 35.296618
occl: 1
lock: 0
posv: 100.259476 206.910799 1.000000 34.631244
label: person
pos: 521.495899 165.278375 29.561075 72.638129
occl: 1
lock: 0
posv: 521.495899 165.278375 29.561075 72.638129
