setid: 8
volid: 9
frameid: 420
name: 08009000420
num: 2
label: person
pos: 469.732575 173.527366 18.496020 42.778773
occl: 1
lock: 1
posv: 472.420878 173.527366 14.950392 20.447632
label: person
pos: 493.304206 169.818215 20.669138 42.889705
occl: 1
lock: 0
posv: 499.801541 169.909177 1.000000 31.162957
