setid: 8
volid: 1
frameid: 900
name: 08001000900
num: 3
label: person
pos: 543.801741 147.423630 24.013318 56.744367
occl: 0
lock: 0
posv: 0.000000 0.000000 0.000000 0.000000
label: person
pos: 36.764132 192.165003 14.217675 27.175902
occl: 1
lock: 1
posv: 40.109824 192.525624 8.962662 23.909948
label: person
pos: 484.983588 157.913137 17.254699 47.278300
occl: 1
lock: 1
posv: 488.228715 158.098181 12.169728 23.870948
