setid: 8
volid: 1
frameid: 1170
name: 08001001170
num: 1
label: person
pos: 490.220517 176.726231 22.195936 63.548136
occl: 1
lock: 0
posv: 492.099900 176.726231 15.487217 62.446636
