setid: 8
volid: 1
frameid: 1260
name: 08001001260
num: 2
label: person
pos: 59.650070 206.998373 15.555768 29.207402
occl: 1
lock: 0
posv: 66.403552 207.732211 1.000000 22.528693
label: person
pos: 489.560386 177.667235 22.195936 63.267263
occl: 1
lock: 0
posv: 492.874389 177.667235 1.366883 63.267263
