setid: 8
volid: 2
frameid: 870
name: 08002000870
num: 1
label: person
pos: 8.842443 200.366987 19.190557 43.419488
occl: 1
lock: 0
posv: 20.189243 200.410005 0.485149 30.815631
