setid: 8
volid: 8
frameid: 1320
name: 08008001320
num: 1
label: person
pos: 357.426201 194.123188 17.777778 29.371981
occl: 0
lock: 0
posv: 0.000000 0.000000 0.000000 0.000000
