setid: 8
volid: 2
frameid: 240
name: 08002000240
num: 3
label: person
pos: 544.036232 163.710571 53.454675 105.079284
occl: 0
lock: 0
posv: 0.000000 0.000000 0.000000 0.000000
label: person
pos: 440.461353 169.755754 22.784549 61.700767
occl: 0
lock: 0
posv: 0.000000 0.000000 0.000000 0.000000
label: person
pos: 396.490125 171.361338 23.222236 64.819494
occl: 0
lock: 0
posv: 0.000000 0.000000 0.000000 0.000000
