setid: 8
volid: 6
frameid: 780
name: 08006000780
num: 2
label: person
pos: 474.959506 172.130861 13.140097 51.056949
occl: 1
lock: 0
posv: 485.304169 185.313414 1.000000 37.874396
label: person
pos: 489.670219 186.176044 13.913043 38.647343
occl: 1
lock: 0
posv: 494.928407 186.176044 1.000000 38.647343
