setid: 8
volid: 6
frameid: 1050
name: 08006001050
num: 2
label: person
pos: 485.215405 198.921531 39.985646 60.304101
occl: 1
lock: 0
posv: 485.215405 198.921531 1.000000 47.680878
label: person
pos: 492.934981 196.224354 23.788378 47.110901
occl: 1
lock: 0
posv: 492.934981 203.978796 1.011125 39.356459
