setid: 8
volid: 8
frameid: 870
name: 08008000870
num: 1
label: person
pos: 504.713526 177.609789 14.082179 33.093916
occl: 0
lock: 0
posv: 0.000000 0.000000 0.000000 0.000000
