setid: 8
volid: 8
frameid: 1710
name: 08008001710
num: 1
label: person
pos: 424.074879 210.355072 19.460429 27.963626
occl: 0
lock: 0
posv: 0.000000 0.000000 0.000000 0.000000
