setid: 8
volid: 9
frameid: 960
name: 08009000960
num: 2
label: person
pos: 349.330531 179.191132 28.026102 56.577973
occl: 1
lock: 0
posv: 372.153514 179.191132 1.000000 56.546860
label: person
pos: 194.955052 199.009115 17.370474 27.532888
occl: 1
lock: 1
posv: 194.955052 199.009115 17.370474 23.183411
