setid: 8
volid: 9
frameid: 210
name: 08009000210
num: 4
label: person
pos: 12.224129 205.131557 11.378962 25.507246
occl: 1
lock: 0
posv: 12.224129 205.131557 11.378962 25.507246
label: person
pos: 532.363548 185.894146 21.953090 52.973998
occl: 1
lock: 0
posv: 532.363548 186.244781 15.994493 17.958253
label: person
pos: 505.435384 191.973850 22.276049 53.370484
occl: 1
lock: 0
posv: 510.790417 191.973850 13.020581 12.286613
label: person
pos: 494.064634 192.346894 15.984410 40.446469
occl: 1
lock: 0
posv: 501.993655 193.604794 1.000000 15.831283
