setid: 8
volid: 9
frameid: 1380
name: 08009001380
num: 1
label: person
pos: 108.968197 204.513710 28.115997 43.328871
occl: 1
lock: 0
posv: 122.355514 204.603507 1.000000 28.605807
