setid: 8
volid: 4
frameid: 1230
name: 08004001230
num: 1
label: person
pos: 501.379207 175.766007 15.778027 33.656300
occl: 0
lock: 0
posv: 0.000000 0.000000 0.000000 0.000000
