setid: 8
volid: 8
frameid: 990
name: 08008000990
num: 1
label: person
pos: 486.129499 188.424381 9.246088 30.736627
occl: 1
lock: 0
posv: 486.129499 188.424381 0.571941 30.736627
