setid: 8
volid: 9
frameid: 150
name: 08009000150
num: 4
label: person?
pos: 61.918130 202.955016 11.292299 26.788860
occl: 0
lock: 0
posv: 0.000000 0.000000 0.000000 0.000000
label: person
pos: 25.134561 201.522475 12.219509 28.376905
occl: 0
lock: 0
posv: 0.000000 0.000000 0.000000 0.000000
label: person
pos: 39.673646 199.442144 14.411201 33.536082
occl: 0
lock: 0
posv: 0.000000 0.000000 0.000000 0.000000
label: person
pos: 86.453341 205.765573 11.568255 23.652246
occl: 0
lock: 0
posv: 0.000000 0.000000 0.000000 0.000000
