setid: 8
volid: 1
frameid: 420
name: 08001000420
num: 3
label: people
pos: 113.479066 196.510609 31.484702 26.234157
occl: 0
lock: 0
posv: 0.000000 0.000000 0.000000 0.000000
label: person
pos: 530.586957 174.535664 34.782609 93.481245
occl: 0
lock: 0
posv: 0.000000 0.000000 0.000000 0.000000
label: person
pos: 470.037226 180.903922 15.698778 52.444501
occl: 0
lock: 0
posv: 0.000000 0.000000 0.000000 0.000000
