setid: 8
volid: 9
frameid: 1140
name: 08009001140
num: 2
label: person
pos: 576.633561 183.423132 30.579710 62.868713
occl: 0
lock: 0
posv: 0.000000 0.000000 0.000000 0.000000
label: person
pos: 126.420259 202.071469 22.995169 37.315937
occl: 1
lock: 0
posv: 126.420259 202.071469 21.785339 28.320546
