setid: 8
volid: 8
frameid: 1050
name: 08008001050
num: 1
label: person
pos: 451.588568 193.828866 11.266941 37.128567
occl: 1
lock: 0
posv: 461.965006 193.828866 0.890503 33.702176
