setid: 8
volid: 2
frameid: 1680
name: 08002001680
num: 1
label: person
pos: 460.941925 174.548567 24.130889 51.528170
occl: 1
lock: 0
posv: 460.941925 174.644928 23.417204 23.420290
