setid: 8
volid: 1
frameid: 840
name: 08001000840
num: 2
label: person
pos: 96.044720 180.039170 14.246688 27.775275
occl: 1
lock: 0
posv: 101.673188 180.994823 1.000000 26.819622
label: person
pos: 425.503410 164.281756 14.685990 38.254049
occl: 0
lock: 0
posv: 0.000000 0.000000 0.000000 0.000000
