setid: 8
volid: 9
frameid: 870
name: 08009000870
num: 1
label: person
pos: 227.783284 169.728565 33.619946 59.267110
occl: 1
lock: 0
posv: 234.977337 169.728565 10.721261 28.481933
