setid: 8
volid: 9
frameid: 1020
name: 08009001020
num: 2
label: person
pos: 436.442029 185.918443 27.412440 59.605712
occl: 1
lock: 0
posv: 441.565550 185.953577 22.184751 43.901790
label: person
pos: 168.181127 204.660519 19.431326 27.545599
occl: 1
lock: 0
posv: 168.801222 204.660519 18.811232 22.171962
