setid: 8
volid: 1
frameid: 1770
name: 08001001770
num: 3
label: person
pos: 598.941534 164.592640 39.323671 119.965331
occl: 0
lock: 0
posv: 0.000000 0.000000 0.000000 0.000000
label: person
pos: 446.671126 186.887430 15.206988 42.474530
occl: 0
lock: 0
posv: 0.000000 0.000000 0.000000 0.000000
label: people
pos: 425.623743 191.626394 24.675639 45.748763
occl: 0
lock: 0
posv: 0.000000 0.000000 0.000000 0.000000
