setid: 8
volid: 6
frameid: 1080
name: 08006001080
num: 2
label: person
pos: 488.655835 201.116368 36.545216 58.109264
occl: 1
lock: 0
posv: 488.655835 202.666737 1.000000 45.655136
label: person
pos: 497.969778 196.224354 18.753581 50.866755
occl: 1
lock: 0
posv: 497.969778 203.080128 1.000000 44.010981
