setid: 8
volid: 1
frameid: 300
name: 08001000300
num: 1
label: person
pos: 324.153595 188.700057 19.020617 30.917704
occl: 0
lock: 0
posv: 0.000000 0.000000 0.000000 0.000000
