setid: 8
volid: 10
frameid: 510
name: 08010000510
num: 1
label: person
pos: 572.552419 172.370942 19.323671 43.230646
occl: 1
lock: 1
posv: 574.413402 174.898458 16.875288 17.350076
