setid: 8
volid: 10
frameid: 720
name: 08010000720
num: 1
label: person
pos: 529.339443 136.202756 22.415459 52.560386
occl: 0
lock: 1
posv: 0.000000 0.000000 0.000000 0.000000
