setid: 8
volid: 10
frameid: 540
name: 08010000540
num: 1
label: person
pos: 586.382588 201.630674 19.323671 43.965102
occl: 1
lock: 0
posv: 594.666965 201.630674 1.000000 18.649701
