setid: 8
volid: 10
frameid: 570
name: 08010000570
num: 1
label: person
pos: 613.962737 189.052106 19.323671 44.185490
occl: 1
lock: 1
posv: 632.979477 189.052106 0.306931 19.327466
