setid: 8
volid: 10
frameid: 420
name: 08010000420
num: 1
label: person
pos: 601.360243 185.194587 18.346562 37.179404
occl: 1
lock: 0
posv: 602.317787 186.003167 15.856282 14.913448
