setid: 8
volid: 10
frameid: 450
name: 08010000450
num: 1
label: person
pos: 566.364625 184.902617 19.323671 40.605461
occl: 1
lock: 1
posv: 566.364625 186.125462 11.966219 15.663175
