setid: 8
volid: 10
frameid: 480
name: 08010000480
num: 1
label: person
pos: 571.739415 182.801706 19.323671 45.549667
occl: 1
lock: 0
posv: 573.047828 183.367842 17.116141 19.351958
