setid: 8
volid: 10
frameid: 750
name: 08010000750
num: 1
label: person
pos: 251.851520 136.975703 22.415459 52.560386
occl: 0
lock: 0
posv: 0.000000 0.000000 0.000000 0.000000
