setid: 8
volid: 10
frameid: 780
name: 08010000780
num: 1
label: person
pos: 78.846779 131.197010 22.415459 47.987504
occl: 1
lock: 0
posv: 80.777673 131.711655 17.439311 19.467028
