setid: 9
volid: 6
frameid: 1230
name: 09006001230
num: 2
label: person
pos: 325.557998 195.090476 11.721551 19.301587
occl: 0
lock: 0
posv: 0.000000 0.000000 0.000000 0.000000
label: person
pos: 595.293651 170.149573 37.523810 88.636142
occl: 0
lock: 0
posv: 0.000000 0.000000 0.000000 0.000000
