setid: 9
volid: 3
frameid: 420
name: 09003000420
num: 2
label: people
pos: 44.354166 180.202925 16.418575 16.180545
occl: 0
lock: 0
posv: 0.000000 0.000000 0.000000 0.000000
label: people
pos: 111.804348 179.437198 26.280193 25.507246
occl: 0
lock: 1
posv: 0.000000 0.000000 0.000000 0.000000
