setid: 9
volid: 2
frameid: 1290
name: 09002001290
num: 5
label: people
pos: 499.864074 131.451695 71.796235 65.137612
occl: 0
lock: 0
posv: 0.000000 0.000000 0.000000 0.000000
label: person
pos: 492.213864 148.215972 25.915777 63.157672
occl: 0
lock: 0
posv: 0.000000 0.000000 0.000000 0.000000
label: person
pos: 605.630072 148.065990 26.784580 45.284638
occl: 0
lock: 0
posv: 0.000000 0.000000 0.000000 0.000000
label: person
pos: 457.355114 143.291603 15.792880 37.725360
occl: 1
lock: 0
posv: 457.360482 143.301172 15.787512 17.825145
label: person
pos: 475.412709 139.057929 18.155876 46.570368
occl: 1
lock: 0
posv: 483.881831 145.284564 4.448239 18.872580
