setid: 9
volid: 1
frameid: 690
name: 09001000690
num: 1
label: person
pos: 405.042801 149.862631 13.634232 33.068565
occl: 0
lock: 0
posv: 0.000000 0.000000 0.000000 0.000000
