setid: 9
volid: 4
frameid: 480
name: 09004000480
num: 1
label: person
pos: 81.751832 188.521673 25.396825 59.632479
occl: 1
lock: 1
posv: 93.039550 188.521673 0.940594 59.632479
