setid: 9
volid: 5
frameid: 780
name: 09005000780
num: 1
label: person
pos: 285.513852 181.114022 13.062726 26.914604
occl: 0
lock: 0
posv: 0.000000 0.000000 0.000000 0.000000
