setid: 9
volid: 6
frameid: 540
name: 09006000540
num: 3
label: person
pos: 414.127289 181.021978 33.864774 70.652625
occl: 0
lock: 0
posv: 0.000000 0.000000 0.000000 0.000000
label: person
pos: 402.703356 179.846736 25.582311 69.719141
occl: 1
lock: 0
posv: 402.703356 179.846736 25.582311 69.618457
label: person
pos: 189.342735 168.181319 38.967033 82.477411
occl: 0
lock: 0
posv: 0.000000 0.000000 0.000000 0.000000
