setid: 9
volid: 3
frameid: 750
name: 09003000750
num: 3
label: people
pos: 566.585503 151.993182 73.390200 47.516880
occl: 0
lock: 0
posv: 0.000000 0.000000 0.000000 0.000000
label: person
pos: 530.161836 164.944444 22.801932 47.125409
occl: 0
lock: 0
posv: 0.000000 0.000000 0.000000 0.000000
label: person
pos: 487.667501 167.787069 20.022649 44.107654
occl: 1
lock: 1
posv: 487.667501 169.267909 18.402369 15.015895
