setid: 9
volid: 5
frameid: 930
name: 09005000930
num: 1
label: person
pos: 580.011600 160.293651 18.422466 38.935287
occl: 0
lock: 0
posv: 0.000000 0.000000 0.000000 0.000000
