setid: 9
volid: 4
frameid: 990
name: 09004000990
num: 2
label: person
pos: 607.673168 135.370757 29.372863 71.300672
occl: 1
lock: 1
posv: 629.696234 135.370757 1.128713 71.300672
label: person?
pos: 115.787057 158.752015 20.695665 47.643956
occl: 0
lock: 0
posv: 0.000000 0.000000 0.000000 0.000000
