setid: 9
volid: 5
frameid: 1080
name: 09005001080
num: 1
label: person
pos: 500.949634 163.605311 27.691163 63.754274
occl: 1
lock: 0
posv: 502.954081 163.605311 13.799936 53.904896
