setid: 9
volid: 2
frameid: 1500
name: 09002001500
num: 1
label: person
pos: 448.318795 169.141065 11.137057 31.573085
occl: 0
lock: 0
posv: 0.000000 0.000000 0.000000 0.000000
