setid: 9
volid: 2
frameid: 1020
name: 09002001020
num: 3
label: people
pos: 408.685213 178.573189 35.728155 24.077670
occl: 0
lock: 0
posv: 0.000000 0.000000 0.000000 0.000000
label: people
pos: 87.490291 187.213354 23.300971 30.374024
occl: 0
lock: 0
posv: 0.000000 0.000000 0.000000 0.000000
label: person
pos: 6.261355 192.046773 17.395012 34.951456
occl: 0
lock: 0
posv: 0.000000 0.000000 0.000000 0.000000
