setid: 9
volid: 2
frameid: 630
name: 09002000630
num: 2
label: person
pos: 378.661599 170.419485 11.594203 22.415459
occl: 0
lock: 0
posv: 0.000000 0.000000 0.000000 0.000000
label: person
pos: 368.878517 168.770531 12.838875 24.734300
occl: 0
lock: 0
posv: 0.000000 0.000000 0.000000 0.000000
