setid: 9
volid: 1
frameid: 150
name: 09001000150
num: 2
label: person
pos: 312.109874 139.975303 22.349206 47.727057
occl: 1
lock: 0
posv: 312.115763 150.433351 22.283363 1.000000
label: person
pos: 391.379731 158.057387 13.318071 41.650794
occl: 1
lock: 0
posv: 395.858673 158.057387 1.000000 41.650794
