setid: 9
volid: 1
frameid: 750
name: 09001000750
num: 2
label: person
pos: 419.547619 147.039683 16.253968 30.476190
occl: 1
lock: 0
posv: 424.866926 150.401069 9.842331 26.985620
label: person
pos: 401.810134 150.448901 18.517094 37.927167
occl: 1
lock: 0
posv: 407.788245 150.448901 1.000000 37.742516
