setid: 9
volid: 4
frameid: 120
name: 09004000120
num: 1
label: person
pos: 12.284127 174.468254 34.742857 81.980952
occl: 0
lock: 0
posv: 0.000000 0.000000 0.000000 0.000000
