setid: 9
volid: 5
frameid: 1050
name: 09005001050
num: 1
label: person
pos: 467.390110 168.412088 18.511905 41.684982
occl: 0
lock: 0
posv: 0.000000 0.000000 0.000000 0.000000
