setid: 9
volid: 8
frameid: 780
name: 09008000780
num: 1
label: person
pos: 504.902320 151.103175 21.700000 48.595604
occl: 0
lock: 0
posv: 0.000000 0.000000 0.000000 0.000000
