setid: 9
volid: 6
frameid: 420
name: 09006000420
num: 2
label: person
pos: 166.595238 180.739316 33.709402 69.919414
occl: 0
lock: 1
posv: 0.000000 0.000000 0.000000 0.000000
label: person
pos: 162.869818 182.463649 35.404907 67.497856
occl: 1
lock: 0
posv: 181.561241 182.463649 1.322403 67.497856
