setid: 9
volid: 1
frameid: 570
name: 09001000570
num: 1
label: person
pos: 419.667424 152.602149 18.517094 37.901099
occl: 1
lock: 0
posv: 431.856829 152.602149 1.000000 32.519526
