setid: 9
volid: 6
frameid: 390
name: 09006000390
num: 2
label: person
pos: 107.948107 182.595238 35.516484 70.095238
occl: 0
lock: 1
posv: 0.000000 0.000000 0.000000 0.000000
label: person
pos: 106.568071 182.963370 40.796398 69.601144
occl: 1
lock: 0
posv: 124.483131 183.551999 1.181383 69.012515
