setid: 9
volid: 1
frameid: 270
name: 09001000270
num: 2
label: person
pos: 381.429600 143.175387 22.387570 50.579864
occl: 1
lock: 0
posv: 381.429600 154.673965 20.204301 1.000000
label: person
pos: 392.977789 150.114349 17.690449 38.533824
occl: 1
lock: 0
posv: 399.460454 150.148685 1.000000 38.499488
