setid: 9
volid: 9
frameid: 270
name: 09009000270
num: 1
label: person
pos: 337.484318 182.212907 19.300362 27.020507
occl: 0
lock: 0
posv: 0.000000 0.000000 0.000000 0.000000
