setid: 9
volid: 1
frameid: 1590
name: 09001001590
num: 1
label: person
pos: 545.418364 174.612463 18.253902 47.573986
occl: 0
lock: 1
posv: 0.000000 0.000000 0.000000 0.000000
