setid: 9
volid: 5
frameid: 840
name: 09005000840
num: 1
label: person
pos: 158.693072 184.618581 15.348889 33.899886
occl: 0
lock: 0
posv: 0.000000 0.000000 0.000000 0.000000
