setid: 9
volid: 3
frameid: 990
name: 09003000990
num: 3
label: person
pos: 589.485507 136.925121 30.144928 82.705314
occl: 0
lock: 1
posv: 0.000000 0.000000 0.000000 0.000000
label: person
pos: 481.397229 147.028640 16.549286 43.008972
occl: 1
lock: 0
posv: 481.397229 147.061238 16.231884 22.196070
label: person
pos: 496.636043 152.192083 17.292118 44.709300
occl: 1
lock: 0
posv: 506.337899 152.192083 1.000000 29.511040
