setid: 9
volid: 3
frameid: 270
name: 09003000270
num: 1
label: person
pos: 550.896773 152.257199 16.981166 46.272455
occl: 0
lock: 0
posv: 0.000000 0.000000 0.000000 0.000000
