setid: 9
volid: 2
frameid: 450
name: 09002000450
num: 1
label: people
pos: 223.126106 166.087055 74.226095 24.957929
occl: 0
lock: 0
posv: 0.000000 0.000000 0.000000 0.000000
