setid: 9
volid: 3
frameid: 1560
name: 09003001560
num: 3
label: person
pos: 418.200244 166.250159 19.568251 34.369946
occl: 0
lock: 1
posv: 0.000000 0.000000 0.000000 0.000000
label: person
pos: 469.595034 169.689220 20.869565 56.588662
occl: 1
lock: 1
posv: 481.454698 169.689220 0.900990 56.588662
label: person
pos: 528.714578 164.411002 22.803660 62.210289
occl: 1
lock: 1
posv: 546.064848 164.411002 1.477303 62.210289
