setid: 9
volid: 9
frameid: 420
name: 09009000420
num: 1
label: person
pos: 448.982550 150.755309 26.870454 48.177186
occl: 1
lock: 0
posv: 460.747149 150.755309 4.896930 47.825925
