setid: 9
volid: 2
frameid: 300
name: 09002000300
num: 4
label: person
pos: 534.678841 155.725431 20.968532 62.851592
occl: 1
lock: 0
posv: 536.394659 155.725431 17.715556 62.851592
label: person
pos: 437.027055 160.822430 17.347521 35.595704
occl: 1
lock: 0
posv: 450.678146 165.902106 1.241926 30.516027
label: person
pos: 461.367961 157.016254 10.433086 39.137858
occl: 1
lock: 0
posv: 463.213720 157.016254 7.249083 35.982460
label: person
pos: 452.107520 156.423939 13.235342 41.893489
occl: 0
lock: 0
posv: 0.000000 0.000000 0.000000 0.000000
