setid: 9
volid: 5
frameid: 1530
name: 09005001530
num: 1
label: person
pos: 517.250242 168.187271 16.705473 36.290646
occl: 0
lock: 0
posv: 0.000000 0.000000 0.000000 0.000000
