setid: 9
volid: 2
frameid: 1530
name: 09002001530
num: 3
label: person?
pos: 576.477809 177.338997 62.351717 45.048544
occl: 0
lock: 0
posv: 0.000000 0.000000 0.000000 0.000000
label: person
pos: 452.182961 167.285333 12.539037 33.370835
occl: 0
lock: 0
posv: 0.000000 0.000000 0.000000 0.000000
label: person
pos: 486.418516 158.092233 18.685160 53.747573
occl: 1
lock: 0
posv: 497.668726 158.092233 1.019610 53.747573
