setid: 9
volid: 9
frameid: 330
name: 09009000330
num: 1
label: person
pos: 348.853151 179.803227 20.610965 29.108293
occl: 0
lock: 0
posv: 0.000000 0.000000 0.000000 0.000000
