setid: 9
volid: 0
frameid: 780
name: 09000000780
num: 4
label: person
pos: 419.763063 174.640385 13.772197 41.511961
occl: 0
lock: 0
posv: 0.000000 0.000000 0.000000 0.000000
label: person
pos: 489.307143 173.470208 21.169292 46.437958
occl: 1
lock: 0
posv: 499.138870 173.537932 1.000000 46.083511
label: person
pos: 410.862099 175.439878 13.750404 37.945362
occl: 1
lock: 0
posv: 410.862099 175.762057 9.555992 32.437264
label: person
pos: 393.374436 173.184734 17.523729 38.637979
occl: 0
lock: 0
posv: 0.000000 0.000000 0.000000 0.000000
