setid: 9
volid: 3
frameid: 1110
name: 09003001110
num: 1
label: person
pos: 143.629014 161.736715 16.586657 35.028228
occl: 1
lock: 0
posv: 158.108735 161.736715 1.000000 20.908213
