setid: 9
volid: 7
frameid: 60
name: 09007000060
num: 1
label: person
pos: 449.379243 161.903053 29.460317 39.619048
occl: 0
lock: 0
posv: 0.000000 0.000000 0.000000 0.000000
