setid: 9
volid: 0
frameid: 870
name: 09000000870
num: 3
label: person
pos: 450.248445 161.622445 27.281009 72.505426
occl: 0
lock: 0
posv: 0.000000 0.000000 0.000000 0.000000
label: person
pos: 439.832474 166.498094 20.880184 60.813851
occl: 1
lock: 0
posv: 442.671829 166.673885 11.481771 53.093067
label: person
pos: 407.311349 161.480395 29.464017 66.520635
occl: 1
lock: 0
posv: 410.509225 161.922463 26.266141 66.078567
