setid: 9
volid: 0
frameid: 1680
name: 09000001680
num: 1
label: person
pos: 259.973016 169.388889 18.285714 32.507937
occl: 0
lock: 0
posv: 0.000000 0.000000 0.000000 0.000000
