setid: 9
volid: 2
frameid: 1740
name: 09002001740
num: 2
label: people
pos: 424.114449 166.369207 35.809839 37.633266
occl: 0
lock: 0
posv: 0.000000 0.000000 0.000000 0.000000
label: person
pos: 380.380300 176.311373 18.707351 28.183079
occl: 0
lock: 0
posv: 0.000000 0.000000 0.000000 0.000000
