setid: 9
volid: 3
frameid: 1380
name: 09003001380
num: 6
label: person
pos: 41.222349 163.090748 13.442704 23.310582
occl: 1
lock: 0
posv: 41.222349 163.090748 13.442704 23.310582
label: person
pos: 531.531552 153.117820 22.828992 58.168338
occl: 1
lock: 0
posv: 531.531552 153.117820 19.707010 26.112786
label: person
pos: 594.344985 156.255368 23.466021 53.729774
occl: 1
lock: 0
posv: 595.903751 157.863313 19.092830 19.832790
label: person
pos: 431.009804 164.353936 14.685990 30.917874
occl: 0
lock: 1
posv: 0.000000 0.000000 0.000000 0.000000
label: person
pos: 410.693494 162.279345 17.004831 29.178744
occl: 0
lock: 0
posv: 0.000000 0.000000 0.000000 0.000000
label: person
pos: 448.471946 164.272059 20.384028 41.744824
occl: 1
lock: 0
posv: 448.736397 164.897282 18.049408 18.484289
