setid: 9
volid: 6
frameid: 1050
name: 09006001050
num: 1
label: person
pos: 595.293651 170.149573 37.997030 86.383320
occl: 1
lock: 1
posv: 631.139714 170.149573 1.677746 74.080588
