setid: 9
volid: 3
frameid: 1650
name: 09003001650
num: 2
label: person
pos: 196.578005 148.901677 24.414977 40.583831
occl: 1
lock: 0
posv: 198.072194 149.700143 22.920789 33.158197
label: person
pos: 144.631603 144.694703 43.644388 97.063718
occl: 0
lock: 0
posv: 0.000000 0.000000 0.000000 0.000000
