setid: 9
volid: 0
frameid: 1860
name: 09000001860
num: 1
label: person
pos: 464.621378 162.728556 32.791187 77.259007
occl: 0
lock: 0
posv: 0.000000 0.000000 0.000000 0.000000
