setid: 9
volid: 2
frameid: 1470
name: 09002001470
num: 1
label: person
pos: 560.500000 164.891077 23.934417 56.067728
occl: 1
lock: 0
posv: 572.540242 165.729795 1.000000 20.641252
