setid: 9
volid: 1
frameid: 210
name: 09001000210
num: 2
label: person
pos: 345.101455 138.222721 25.210375 50.558518
occl: 1
lock: 0
posv: 350.420607 149.226773 19.891222 1.093040
label: person
pos: 390.471799 155.997790 15.363020 40.175914
occl: 1
lock: 0
posv: 395.642719 155.997790 1.122165 40.175914
