setid: 9
volid: 2
frameid: 60
name: 09002000060
num: 1
label: person
pos: 116.411710 174.224718 15.699029 26.533981
occl: 0
lock: 0
posv: 0.000000 0.000000 0.000000 0.000000
