setid: 9
volid: 0
frameid: 1800
name: 09000001800
num: 1
label: person
pos: 380.578327 170.260684 19.988095 45.666056
occl: 0
lock: 0
posv: 0.000000 0.000000 0.000000 0.000000
