setid: 9
volid: 2
frameid: 180
name: 09002000180
num: 2
label: person
pos: 428.928136 168.334224 9.504938 25.591314
occl: 0
lock: 0
posv: 0.000000 0.000000 0.000000 0.000000
label: person
pos: 435.480853 169.821269 8.046081 23.937935
occl: 1
lock: 1
posv: 438.611179 169.821269 0.376238 23.805031
