setid: 9
volid: 1
frameid: 300
name: 09001000300
num: 1
label: person
pos: 390.056056 151.987387 18.413114 37.976093
occl: 1
lock: 0
posv: 398.515299 155.018407 1.000000 30.094844
