setid: 9
volid: 4
frameid: 1620
name: 09004001620
num: 1
label: person
pos: 224.721872 149.409113 38.438959 81.835664
occl: 1
lock: 0
posv: 228.504762 149.409113 31.107788 48.203877
