setid: 9
volid: 4
frameid: 1530
name: 09004001530
num: 1
label: person
pos: 405.173686 159.733206 26.178128 50.759302
occl: 0
lock: 0
posv: 0.000000 0.000000 0.000000 0.000000
