setid: 9
volid: 6
frameid: 810
name: 09006000810
num: 1
label: person
pos: 592.170018 173.553237 39.248489 38.626422
occl: 0
lock: 0
posv: 0.000000 0.000000 0.000000 0.000000
