setid: 9
volid: 5
frameid: 960
name: 09005000960
num: 1
label: person
pos: 582.243933 165.857753 0.811881 51.424176
occl: 0
lock: 1
posv: 0.000000 0.000000 0.000000 0.000000
