setid: 9
volid: 6
frameid: 480
name: 09006000480
num: 3
label: person
pos: 291.219475 178.990232 29.968254 71.951160
occl: 0
lock: 0
posv: 0.000000 0.000000 0.000000 0.000000
label: person
pos: 284.005200 178.465721 21.566130 75.331164
occl: 1
lock: 0
posv: 302.471128 178.465721 1.161716 73.437296
label: person
pos: 82.450102 176.328418 38.967033 79.765206
occl: 0
lock: 0
posv: 0.000000 0.000000 0.000000 0.000000
