setid: 9
volid: 1
frameid: 930
name: 09001000930
num: 2
label: person
pos: 462.897056 138.698512 16.740480 35.316077
occl: 1
lock: 0
posv: 464.681043 139.880699 8.578656 26.507543
label: person
pos: 436.576737 137.166533 12.542818 25.697349
occl: 0
lock: 0
posv: 0.000000 0.000000 0.000000 0.000000
