setid: 9
volid: 4
frameid: 1650
name: 09004001650
num: 1
label: person
pos: 150.544444 152.243223 54.857143 94.453602
occl: 0
lock: 0
posv: 0.000000 0.000000 0.000000 0.000000
