setid: 9
volid: 1
frameid: 960
name: 09001000960
num: 2
label: person
pos: 481.681999 138.108338 16.842491 36.330891
occl: 1
lock: 0
posv: 487.779756 142.243309 1.000000 25.107666
label: person
pos: 444.934597 138.910542 11.536286 26.282783
occl: 0
lock: 0
posv: 0.000000 0.000000 0.000000 0.000000
