setid: 9
volid: 0
frameid: 900
name: 09000000900
num: 3
label: person
pos: 502.328346 154.221676 36.921834 98.145992
occl: 0
lock: 0
posv: 0.000000 0.000000 0.000000 0.000000
label: person
pos: 483.178178 162.478919 23.424208 77.287667
occl: 0
lock: 0
posv: 0.000000 0.000000 0.000000 0.000000
label: person
pos: 436.153778 157.690038 36.929223 86.533863
occl: 1
lock: 0
posv: 439.102550 158.601131 32.655872 80.294042
