setid: 9
volid: 5
frameid: 810
name: 09005000810
num: 2
label: person
pos: 67.411477 186.078755 16.898046 37.722833
occl: 0
lock: 1
posv: 0.000000 0.000000 0.000000 0.000000
label: person
pos: 249.748096 183.050951 11.657648 33.372858
occl: 0
lock: 1
posv: 0.000000 0.000000 0.000000 0.000000
