setid: 9
volid: 4
frameid: 750
name: 09004000750
num: 1
label: people
pos: 430.191209 167.242857 30.405372 40.361844
occl: 0
lock: 0
posv: 0.000000 0.000000 0.000000 0.000000
