setid: 9
volid: 3
frameid: 930
name: 09003000930
num: 3
label: person
pos: 459.007496 155.540774 20.869565 48.695652
occl: 0
lock: 0
posv: 0.000000 0.000000 0.000000 0.000000
label: person
pos: 522.944899 162.514322 19.863598 45.827392
occl: 0
lock: 0
posv: 0.000000 0.000000 0.000000 0.000000
label: person
pos: 446.645176 156.964940 15.812020 31.940715
occl: 1
lock: 0
posv: 460.131078 156.964940 1.000000 31.940715
