setid: 9
volid: 2
frameid: 1440
name: 09002001440
num: 1
label: person
pos: 530.616879 166.669174 22.873105 45.387530
occl: 1
lock: 0
posv: 548.235091 166.669174 1.000000 30.332880
