setid: 9
volid: 2
frameid: 1170
name: 09002001170
num: 3
label: people
pos: 412.514087 163.675186 40.645774 35.271416
occl: 0
lock: 1
posv: 0.000000 0.000000 0.000000 0.000000
label: person
pos: 388.972294 169.054647 19.417476 33.825243
occl: 0
lock: 0
posv: 0.000000 0.000000 0.000000 0.000000
label: person
pos: 472.941303 166.293946 25.059631 55.456513
occl: 0
lock: 0
posv: 0.000000 0.000000 0.000000 0.000000
