setid: 9
volid: 1
frameid: 420
name: 09001000420
num: 1
label: person
pos: 410.865167 152.039072 18.517094 37.901099
occl: 1
lock: 0
posv: 428.222365 152.039072 1.152155 33.534729
