setid: 9
volid: 0
frameid: 990
name: 09000000990
num: 1
label: person
pos: 67.242857 178.938095 22.349206 30.476190
occl: 0
lock: 0
posv: 0.000000 0.000000 0.000000 0.000000
