setid: 9
volid: 1
frameid: 1740
name: 09001001740
num: 1
label: person
pos: 601.085487 167.216117 34.345348 75.735653
occl: 0
lock: 0
posv: 0.000000 0.000000 0.000000 0.000000
