setid: 9
volid: 6
frameid: 360
name: 09006000360
num: 2
label: person
pos: 51.926129 182.893162 29.941392 70.095238
occl: 0
lock: 0
posv: 0.000000 0.000000 0.000000 0.000000
label: person
pos: 59.866590 185.642857 31.829686 70.725473
occl: 1
lock: 1
posv: 64.597426 187.022589 1.143481 66.341477
