setid: 9
volid: 1
frameid: 1020
name: 09001001020
num: 2
label: person
pos: 536.205228 139.718192 16.410235 42.208170
occl: 0
lock: 0
posv: 0.000000 0.000000 0.000000 0.000000
label: person
pos: 458.255047 139.301031 16.544026 32.542670
occl: 0
lock: 0
posv: 0.000000 0.000000 0.000000 0.000000
