setid: 9
volid: 3
frameid: 780
name: 09003000780
num: 1
label: person
pos: 528.667235 161.335891 22.424041 55.021944
occl: 1
lock: 0
posv: 539.580261 161.507946 1.000000 31.527735
