setid: 9
volid: 0
frameid: 660
name: 09000000660
num: 3
label: person
pos: 372.271917 165.765140 13.202137 30.476190
occl: 0
lock: 0
posv: 0.000000 0.000000 0.000000 0.000000
label: person
pos: 368.499203 169.069109 7.169766 23.365079
occl: 0
lock: 0
posv: 0.000000 0.000000 0.000000 0.000000
label: person
pos: 358.043844 166.518730 12.117407 30.821601
occl: 0
lock: 0
posv: 0.000000 0.000000 0.000000 0.000000
