setid: 9
volid: 0
frameid: 1770
name: 09000001770
num: 1
label: person
pos: 354.235195 171.620940 19.077381 40.242430
occl: 0
lock: 0
posv: 0.000000 0.000000 0.000000 0.000000
