setid: 9
volid: 3
frameid: 60
name: 09003000060
num: 1
label: person
pos: 128.249602 173.705008 15.328256 29.540393
occl: 1
lock: 0
posv: 128.273011 173.705008 13.913043 19.988937
