setid: 9
volid: 2
frameid: 1590
name: 09002001590
num: 4
label: person?
pos: 535.210397 151.064912 19.417476 50.622341
occl: 1
lock: 0
posv: 538.328581 151.064912 16.267147 36.730436
label: person
pos: 521.833494 154.834439 20.366497 40.901989
occl: 0
lock: 0
posv: 0.000000 0.000000 0.000000 0.000000
label: person
pos: 499.963651 159.093081 18.598303 48.993349
occl: 1
lock: 0
posv: 503.399300 159.093081 13.022926 19.593313
label: person
pos: 604.364368 145.014762 27.930709 89.209744
occl: 0
lock: 0
posv: 0.000000 0.000000 0.000000 0.000000
