setid: 9
volid: 2
frameid: 1650
name: 09002001650
num: 6
label: people
pos: 397.153283 171.127035 27.905687 32.188627
occl: 0
lock: 0
posv: 0.000000 0.000000 0.000000 0.000000
label: person
pos: 559.450351 156.432605 26.311816 70.220176
occl: 1
lock: 0
posv: 561.182944 156.538242 21.950607 34.543726
label: person
pos: 531.303292 161.491678 6.426310 53.281197
occl: 0
lock: 0
posv: 0.000000 0.000000 0.000000 0.000000
label: person
pos: 469.442264 171.041718 17.708049 42.836988
occl: 0
lock: 0
posv: 0.000000 0.000000 0.000000 0.000000
label: person
pos: 516.403833 167.571762 21.684930 48.343541
occl: 1
lock: 0
posv: 516.403833 168.113958 14.981252 33.385721
label: person
pos: 99.296117 182.377023 13.980583 24.854369
occl: 1
lock: 0
posv: 110.804616 182.377023 1.000000 24.854369
