setid: 9
volid: 4
frameid: 1140
name: 09004001140
num: 1
label: person
pos: 58.268504 164.555622 29.475648 63.884946
occl: 1
lock: 0
posv: 86.736891 164.555622 1.007261 63.667199
