setid: 9
volid: 0
frameid: 930
name: 09000000930
num: 2
label: person
pos: 552.923593 155.556630 40.430378 115.648671
occl: 1
lock: 1
posv: 552.923593 155.556630 39.393262 114.871596
label: person
pos: 499.499279 147.295501 53.402071 134.410778
occl: 0
lock: 0
posv: 0.000000 0.000000 0.000000 0.000000
