setid: 9
volid: 6
frameid: 1530
name: 09006001530
num: 1
label: person
pos: 614.441087 170.149573 26.058913 88.636142
occl: 0
lock: 0
posv: 0.000000 0.000000 0.000000 0.000000
