setid: 9
volid: 3
frameid: 30
name: 09003000030
num: 1
label: person
pos: 139.772142 173.761441 13.913043 27.190901
occl: 1
lock: 0
posv: 139.774461 173.761441 13.910725 17.289026
