setid: 9
volid: 5
frameid: 270
name: 09005000270
num: 1
label: person
pos: 490.633553 176.586488 24.308028 44.907428
occl: 0
lock: 0
posv: 0.000000 0.000000 0.000000 0.000000
