setid: 9
volid: 7
frameid: 1710
name: 09007001710
num: 1
label: person
pos: 430.584684 148.647601 21.051557 51.787779
occl: 1
lock: 0
posv: 430.584684 151.103175 21.051557 26.412698
