setid: 9
volid: 4
frameid: 840
name: 09004000840
num: 1
label: person
pos: 571.275906 121.092593 38.230633 119.873016
occl: 0
lock: 0
posv: 0.000000 0.000000 0.000000 0.000000
