setid: 9
volid: 5
frameid: 1110
name: 09005001110
num: 1
label: person
pos: 602.388329 155.123321 30.210470 100.953398
occl: 0
lock: 0
posv: 0.000000 0.000000 0.000000 0.000000
