setid: 9
volid: 6
frameid: 1440
name: 09006001440
num: 1
label: person
pos: 596.253558 170.149573 43.603293 88.636142
occl: 1
lock: 1
posv: 602.654322 170.149573 34.775818 21.471899
