setid: 9
volid: 1
frameid: 1140
name: 09001001140
num: 1
label: person
pos: 519.837660 144.029609 21.695590 50.703585
occl: 0
lock: 0
posv: 0.000000 0.000000 0.000000 0.000000
