setid: 9
volid: 3
frameid: 1200
name: 09003001200
num: 2
label: person
pos: 109.153852 166.940410 11.099084 22.193999
occl: 1
lock: 0
posv: 113.490921 167.602984 1.000000 21.531425
label: person
pos: 109.468414 168.779383 10.819571 21.044781
occl: 1
lock: 0
posv: 116.255825 170.279384 1.000000 16.624111
