setid: 9
volid: 6
frameid: 1470
name: 09006001470
num: 1
label: person
pos: 605.475767 170.149573 35.024233 88.636142
occl: 0
lock: 1
posv: 0.000000 0.000000 0.000000 0.000000
