setid: 9
volid: 1
frameid: 1440
name: 09001001440
num: 1
label: person
pos: 549.772045 165.765118 18.395962 39.030733
occl: 0
lock: 1
posv: 0.000000 0.000000 0.000000 0.000000
