setid: 9
volid: 1
frameid: 1710
name: 09001001710
num: 1
label: person
pos: 576.605790 170.263736 29.776836 70.229688
occl: 0
lock: 0
posv: 0.000000 0.000000 0.000000 0.000000
