setid: 9
volid: 4
frameid: 390
name: 09004000390
num: 1
label: person
pos: 85.478755 182.358852 22.800519 58.143004
occl: 0
lock: 0
posv: 0.000000 0.000000 0.000000 0.000000
