setid: 9
volid: 2
frameid: 120
name: 09002000120
num: 1
label: person
pos: 21.315248 171.842947 15.751713 31.663192
occl: 0
lock: 0
posv: 0.000000 0.000000 0.000000 0.000000
