setid: 9
volid: 3
frameid: 1050
name: 09003001050
num: 3
label: person
pos: 610.770142 131.306763 27.187659 78.817988
occl: 1
lock: 0
posv: 610.770142 131.623847 24.043651 29.955592
label: person
pos: 169.546754 157.357499 14.685990 29.481757
occl: 1
lock: 1
posv: 177.407777 157.357499 0.287129 18.330906
label: person
pos: 569.462869 144.947255 21.609168 55.365192
occl: 1
lock: 0
posv: 569.462869 144.947255 19.128337 27.918717
