setid: 9
volid: 2
frameid: 1410
name: 09002001410
num: 1
label: person
pos: 497.292860 168.631928 19.324692 45.500103
occl: 1
lock: 0
posv: 511.766487 168.631928 1.000000 36.803786
