setid: 9
volid: 9
frameid: 360
name: 09009000360
num: 1
label: person
pos: 372.582353 173.168089 20.767749 29.949027
occl: 0
lock: 0
posv: 0.000000 0.000000 0.000000 0.000000
