setid: 9
volid: 0
frameid: 630
name: 09000000630
num: 2
label: person
pos: 365.706349 159.501058 14.222222 29.713930
occl: 1
lock: 1
posv: 365.706349 159.501058 14.222222 29.087831
label: person
pos: 359.175672 160.886416 11.392881 28.367373
occl: 1
lock: 1
posv: 361.397010 160.996867 8.399699 26.491007
