setid: 9
volid: 4
frameid: 270
name: 09004000270
num: 1
label: person
pos: 77.808604 181.325446 30.476190 67.047619
occl: 0
lock: 0
posv: 0.000000 0.000000 0.000000 0.000000
