setid: 9
volid: 4
frameid: 420
name: 09004000420
num: 1
label: person
pos: 87.963370 188.887057 25.396825 59.632479
occl: 1
lock: 0
posv: 90.234328 188.887057 18.822244 59.632479
