setid: 9
volid: 6
frameid: 510
name: 09006000510
num: 3
label: person
pos: 357.606227 180.006105 29.941392 71.951160
occl: 0
lock: 0
posv: 0.000000 0.000000 0.000000 0.000000
label: person
pos: 339.266976 179.272377 30.006917 70.108885
occl: 1
lock: 0
posv: 356.192860 179.559556 1.108911 69.821705
label: person
pos: 136.822100 168.790842 38.967033 84.305983
occl: 0
lock: 0
posv: 0.000000 0.000000 0.000000 0.000000
