setid: 9
volid: 6
frameid: 1260
name: 09006001260
num: 2
label: person
pos: 333.043346 196.852381 14.452076 19.301587
occl: 0
lock: 0
posv: 0.000000 0.000000 0.000000 0.000000
label: person
pos: 595.293651 170.149573 37.523810 88.636142
occl: 0
lock: 0
posv: 0.000000 0.000000 0.000000 0.000000
