setid: 9
volid: 1
frameid: 1680
name: 09001001680
num: 1
label: person
pos: 553.070049 169.734033 25.579959 62.049626
occl: 0
lock: 1
posv: 0.000000 0.000000 0.000000 0.000000
