setid: 9
volid: 5
frameid: 720
name: 09005000720
num: 2
label: person
pos: 264.705672 177.248990 12.573364 20.317460
occl: 1
lock: 0
posv: 264.705672 177.248990 12.573364 20.317460
label: person
pos: 268.236874 179.555043 12.589011 20.294505
occl: 0
lock: 0
posv: 0.000000 0.000000 0.000000 0.000000
