setid: 9
volid: 2
frameid: 420
name: 09002000420
num: 2
label: people
pos: 223.505825 167.329773 62.211566 23.404531
occl: 0
lock: 1
posv: 0.000000 0.000000 0.000000 0.000000
label: person
pos: 15.420572 176.182321 16.286385 34.597615
occl: 1
lock: 0
posv: 15.420572 176.182321 15.696355 18.321563
