setid: 9
volid: 4
frameid: 540
name: 09004000540
num: 1
label: person
pos: 29.712698 176.707570 28.531746 66.354701
occl: 0
lock: 0
posv: 0.000000 0.000000 0.000000 0.000000
