setid: 9
volid: 4
frameid: 300
name: 09004000300
num: 1
label: person
pos: 80.463108 179.979771 30.476190 67.047619
occl: 0
lock: 0
posv: 0.000000 0.000000 0.000000 0.000000
