setid: 9
volid: 1
frameid: 1620
name: 09001001620
num: 1
label: person
pos: 542.626374 172.815536 28.286325 55.606862
occl: 1
lock: 1
posv: 557.982582 172.815536 1.000000 51.947185
