setid: 9
volid: 2
frameid: 150
name: 09002000150
num: 2
label: person
pos: 417.696781 166.955915 10.178290 25.276062
occl: 0
lock: 0
posv: 0.000000 0.000000 0.000000 0.000000
label: person
pos: 424.953553 169.008398 8.975323 22.401771
occl: 1
lock: 1
posv: 431.020672 169.179490 0.341584 19.708958
