setid: 9
volid: 8
frameid: 990
name: 09008000990
num: 2
label: person
pos: 115.038339 161.068620 19.815568 35.034402
occl: 0
lock: 0
posv: 0.000000 0.000000 0.000000 0.000000
label: person
pos: 86.418742 160.529670 23.147741 36.849817
occl: 0
lock: 0
posv: 0.000000 0.000000 0.000000 0.000000
