setid: 9
volid: 0
frameid: 810
name: 09000000810
num: 4
label: person
pos: 428.179623 170.796037 17.849025 49.075080
occl: 1
lock: 1
posv: 429.818178 172.030342 16.210471 47.840775
label: person
pos: 529.021957 174.236184 23.160555 54.402291
occl: 1
lock: 0
posv: 529.224246 174.236184 22.958266 31.623031
label: person
pos: 421.988860 173.204151 11.337595 43.586551
occl: 0
lock: 1
posv: 0.000000 0.000000 0.000000 0.000000
label: person
pos: 400.984430 171.099243 19.177581 45.611237
occl: 1
lock: 1
posv: 404.551299 172.324542 15.610712 44.385938
