setid: 9
volid: 5
frameid: 1560
name: 09005001560
num: 1
label: person
pos: 566.156669 170.887057 15.306774 37.127432
occl: 0
lock: 0
posv: 0.000000 0.000000 0.000000 0.000000
