setid: 9
volid: 1
frameid: 720
name: 09001000720
num: 2
label: person
pos: 419.547619 147.039683 18.436390 30.476190
occl: 1
lock: 0
posv: 424.520391 148.858989 13.463618 24.659447
label: person
pos: 404.938339 149.692918 18.517094 37.901099
occl: 1
lock: 0
posv: 404.938339 149.692918 13.258299 33.113421
