setid: 9
volid: 4
frameid: 450
name: 09004000450
num: 1
label: person
pos: 86.501832 188.887057 25.396825 59.632479
occl: 1
lock: 0
posv: 99.294304 188.887057 1.000000 59.632479
