setid: 9
volid: 3
frameid: 150
name: 09003000150
num: 2
label: person
pos: 506.780193 161.659420 17.777778 36.612816
occl: 1
lock: 0
posv: 517.525461 161.943734 1.000000 36.328502
label: person
pos: 447.308056 166.336502 16.231884 31.013953
occl: 1
lock: 0
posv: 451.446256 166.432580 12.045645 30.917874
