setid: 9
volid: 9
frameid: 300
name: 09009000300
num: 1
label: person
pos: 343.896083 181.788071 20.610965 29.108293
occl: 0
lock: 0
posv: 0.000000 0.000000 0.000000 0.000000
