setid: 9
volid: 3
frameid: 240
name: 09003000240
num: 2
label: person
pos: 567.983214 156.682452 24.270059 60.557526
occl: 0
lock: 0
posv: 0.000000 0.000000 0.000000 0.000000
label: person
pos: 510.909349 155.821019 22.168116 45.758454
occl: 0
lock: 0
posv: 0.000000 0.000000 0.000000 0.000000
