setid: 9
volid: 6
frameid: 570
name: 09006000570
num: 3
label: person
pos: 473.239346 180.603384 33.232082 65.979609
occl: 0
lock: 1
posv: 0.000000 0.000000 0.000000 0.000000
label: person
pos: 458.679812 176.885733 25.220976 72.192904
occl: 1
lock: 0
posv: 458.679812 176.885733 25.220976 72.192904
label: person
pos: 245.825275 168.892430 38.967033 82.477411
occl: 0
lock: 0
posv: 0.000000 0.000000 0.000000 0.000000
