setid: 9
volid: 8
frameid: 930
name: 09008000930
num: 1
label: person
pos: 162.301465 158.629670 20.317460 35.947415
occl: 1
lock: 0
posv: 168.426172 161.548025 13.407759 33.029060
