setid: 9
volid: 6
frameid: 900
name: 09006000900
num: 1
label: person
pos: 592.814921 172.628303 37.523810 83.556777
occl: 0
lock: 0
posv: 0.000000 0.000000 0.000000 0.000000
