setid: 9
volid: 2
frameid: 570
name: 09002000570
num: 2
label: people
pos: 181.320648 162.441748 63.695872 29.514563
occl: 0
lock: 0
posv: 0.000000 0.000000 0.000000 0.000000
label: person
pos: 376.925121 170.934783 10.821256 21.642512
occl: 0
lock: 1
posv: 0.000000 0.000000 0.000000 0.000000
