setid: 9
volid: 3
frameid: 1470
name: 09003001470
num: 5
label: person
pos: 23.483220 167.731524 14.463523 27.382475
occl: 0
lock: 0
posv: 0.000000 0.000000 0.000000 0.000000
label: person
pos: 610.386914 159.172338 21.620587 61.424592
occl: 1
lock: 0
posv: 615.170045 160.191589 16.837456 33.236715
label: person
pos: 467.536090 166.469736 14.685990 34.528488
occl: 1
lock: 1
posv: 469.321555 166.469736 12.469152 32.149841
label: person
pos: 437.531401 166.488278 16.846618 26.281046
occl: 1
lock: 0
posv: 446.266113 166.629098 1.000000 25.720896
label: person
pos: 493.882648 169.050443 20.782438 48.883450
occl: 0
lock: 0
posv: 0.000000 0.000000 0.000000 0.000000
