setid: 9
volid: 3
frameid: 510
name: 09003000510
num: 2
label: person-fa
pos: 121.478150 180.582694 14.285387 23.961353
occl: 1
lock: 0
posv: 121.478150 180.582694 14.285387 23.961353
label: person
pos: 407.018519 166.912596 15.830764 33.367695
occl: 1
lock: 0
posv: 410.875757 166.912596 1.000000 19.323671
