setid: 9
volid: 6
frameid: 1080
name: 09006001080
num: 1
label: person
pos: 595.293651 170.149573 37.523810 88.770356
occl: 0
lock: 0
posv: 0.000000 0.000000 0.000000 0.000000
