setid: 9
volid: 4
frameid: 930
name: 09004000930
num: 1
label: person
pos: 484.107112 149.527289 25.575015 51.140751
occl: 0
lock: 0
posv: 0.000000 0.000000 0.000000 0.000000
