setid: 9
volid: 6
frameid: 30
name: 09006000030
num: 1
label: person
pos: 0.500000 189.288211 21.708712 55.769212
occl: 1
lock: 1
posv: 0.626858 189.288211 19.009952 55.769212
