setid: 9
volid: 6
frameid: 1320
name: 09006001320
num: 2
label: person
pos: 348.444475 195.978022 16.367063 19.301587
occl: 0
lock: 0
posv: 0.000000 0.000000 0.000000 0.000000
label: person
pos: 595.293651 170.149573 44.249377 88.636142
occl: 0
lock: 0
posv: 0.000000 0.000000 0.000000 0.000000
