setid: 9
volid: 3
frameid: 1350
name: 09003001350
num: 7
label: person
pos: 49.034527 160.341773 12.600455 27.115203
occl: 1
lock: 0
posv: 49.034527 160.341773 12.600455 27.115203
label: person
pos: 512.087496 153.565007 22.191704 55.762133
occl: 1
lock: 0
posv: 512.087496 153.565007 19.272407 24.210355
label: person
pos: 82.113562 164.673146 12.014353 24.251748
occl: 1
lock: 0
posv: 82.113562 164.673146 12.014353 24.251748
label: person
pos: 577.076386 156.019541 23.960631 55.661757
occl: 1
lock: 0
posv: 589.673381 156.019541 1.000000 21.787216
label: person
pos: 426.780193 161.272947 14.685990 28.212560
occl: 1
lock: 1
posv: 430.370598 161.688250 9.715399 24.408977
label: person
pos: 404.419198 159.846800 17.089521 28.019324
occl: 1
lock: 0
posv: 405.956798 159.871333 15.551920 22.534721
label: person
pos: 439.920290 161.732220 20.392311 49.157901
occl: 1
lock: 0
posv: 439.920290 163.128019 18.628019 14.774071
