setid: 9
volid: 2
frameid: 240
name: 09002000240
num: 3
label: person
pos: 479.985467 163.685703 15.983259 43.124997
occl: 0
lock: 0
posv: 0.000000 0.000000 0.000000 0.000000
label: person
pos: 490.699488 164.952401 12.814436 39.769537
occl: 1
lock: 1
posv: 497.886328 165.333578 1.286266 36.119195
label: person
pos: 404.939489 165.546836 9.313485 26.080903
occl: 0
lock: 0
posv: 0.000000 0.000000 0.000000 0.000000
