setid: 9
volid: 7
frameid: 120
name: 09007000120
num: 1
label: person
pos: 569.029887 167.274829 31.445395 54.614509
occl: 1
lock: 1
posv: 578.092813 176.968429 16.142456 24.978835
