setid: 9
volid: 1
frameid: 870
name: 09001000870
num: 2
label: person
pos: 426.964176 147.754294 16.269662 30.632316
occl: 1
lock: 0
posv: 431.045876 149.268638 6.354747 23.156379
label: person
pos: 399.220391 147.421040 18.517094 31.504479
occl: 1
lock: 0
posv: 408.619972 147.421040 1.000000 27.336322
