setid: 9
volid: 2
frameid: 1230
name: 09002001230
num: 3
label: people
pos: 442.885576 128.473053 55.589459 43.336636
occl: 0
lock: 0
posv: 0.000000 0.000000 0.000000 0.000000
label: person
pos: 419.451456 137.742718 21.219018 41.009709
occl: 0
lock: 0
posv: 0.000000 0.000000 0.000000 0.000000
label: person
pos: 585.380905 126.925641 34.825481 83.451625
occl: 0
lock: 0
posv: 0.000000 0.000000 0.000000 0.000000
