setid: 9
volid: 3
frameid: 660
name: 09003000660
num: 2
label: people
pos: 452.073700 156.153057 33.574016 43.898689
occl: 0
lock: 0
posv: 0.000000 0.000000 0.000000 0.000000
label: person
pos: 484.053493 157.269082 20.532481 45.234149
occl: 1
lock: 0
posv: 493.742874 157.338893 1.000000 28.513764
