setid: 9
volid: 6
frameid: 870
name: 09006000870
num: 1
label: person
pos: 591.091453 173.197192 38.678388 86.807570
occl: 0
lock: 1
posv: 0.000000 0.000000 0.000000 0.000000
