setid: 9
volid: 3
frameid: 1230
name: 09003001230
num: 4
label: person
pos: 94.352458 166.921029 11.594203 23.961353
occl: 0
lock: 0
posv: 0.000000 0.000000 0.000000 0.000000
label: person
pos: 105.863420 167.699062 10.513676 22.656010
occl: 0
lock: 0
posv: 0.000000 0.000000 0.000000 0.000000
label: person
pos: 90.474516 167.462564 8.138525 22.593919
occl: 0
lock: 0
posv: 0.000000 0.000000 0.000000 0.000000
label: person
pos: 534.211743 162.576344 18.026279 48.169033
occl: 1
lock: 0
posv: 534.446965 162.576344 16.867032 42.667833
