setid: 9
volid: 8
frameid: 1590
name: 09008001590
num: 1
label: person
pos: 113.282043 175.396175 18.914538 40.722873
occl: 0
lock: 0
posv: 0.000000 0.000000 0.000000 0.000000
