setid: 9
volid: 1
frameid: 1410
name: 09001001410
num: 1
label: person
pos: 540.715602 166.259123 18.419467 35.472642
occl: 0
lock: 0
posv: 0.000000 0.000000 0.000000 0.000000
