setid: 9
volid: 2
frameid: 1830
name: 09002001830
num: 3
label: people
pos: 527.434813 154.009015 59.069566 55.922330
occl: 0
lock: 0
posv: 0.000000 0.000000 0.000000 0.000000
label: people
pos: 449.474709 158.720989 45.605472 57.440496
occl: 0
lock: 0
posv: 0.000000 0.000000 0.000000 0.000000
label: person
pos: 426.937845 168.068247 20.970874 44.534647
occl: 0
lock: 1
posv: 0.000000 0.000000 0.000000 0.000000
