setid: 9
volid: 0
frameid: 690
name: 09000000690
num: 4
label: person
pos: 383.956532 171.392811 12.764957 30.476190
occl: 0
lock: 0
posv: 0.000000 0.000000 0.000000 0.000000
label: person
pos: 423.262017 170.487937 17.269841 31.291547
occl: 1
lock: 0
posv: 425.764006 172.596958 11.598341 22.057489
label: person
pos: 378.793348 172.967285 7.337317 27.608275
occl: 0
lock: 0
posv: 0.000000 0.000000 0.000000 0.000000
label: person
pos: 367.612802 170.211722 12.935467 28.430403
occl: 0
lock: 0
posv: 0.000000 0.000000 0.000000 0.000000
