setid: 9
volid: 3
frameid: 210
name: 09003000210
num: 4
label: person
pos: 550.028616 153.012305 23.188406 51.191816
occl: 0
lock: 0
posv: 0.000000 0.000000 0.000000 0.000000
label: person
pos: 581.831628 166.850781 17.777778 38.634839
occl: 0
lock: 0
posv: 0.000000 0.000000 0.000000 0.000000
label: person
pos: 509.056912 163.475270 18.597421 44.999425
occl: 0
lock: 0
posv: 0.000000 0.000000 0.000000 0.000000
label: person
pos: 479.964025 160.634158 19.236884 35.841895
occl: 0
lock: 0
posv: 0.000000 0.000000 0.000000 0.000000
