setid: 9
volid: 0
frameid: 1740
name: 09000001740
num: 1
label: person
pos: 325.879426 172.405556 18.285714 36.920635
occl: 0
lock: 0
posv: 0.000000 0.000000 0.000000 0.000000
