setid: 9
volid: 1
frameid: 480
name: 09001000480
num: 1
label: person
pos: 419.529490 152.039072 18.517094 37.901099
occl: 1
lock: 1
posv: 434.899703 152.039072 0.705726 32.539658
