setid: 9
volid: 6
frameid: 1170
name: 09006001170
num: 2
label: person
pos: 307.329862 197.136735 12.305041 19.301587
occl: 0
lock: 0
posv: 0.000000 0.000000 0.000000 0.000000
label: person
pos: 595.293651 170.149573 37.523810 88.636142
occl: 1
lock: 0
posv: 609.421303 170.924424 16.509665 39.978066
