setid: 9
volid: 3
frameid: 1320
name: 09003001320
num: 6
label: person
pos: 58.295681 160.536374 12.122485 25.961097
occl: 1
lock: 0
posv: 58.295681 160.536374 12.122485 25.961097
label: person
pos: 496.509662 156.944444 20.389861 56.027284
occl: 1
lock: 0
posv: 496.509662 157.176329 18.618357 20.019324
label: person
pos: 91.663017 161.782950 12.778993 24.855112
occl: 1
lock: 0
posv: 91.663017 161.782950 12.778993 24.855112
label: person
pos: 24.938323 161.814010 13.770638 25.288434
occl: 1
lock: 0
posv: 24.938323 161.814010 13.770638 25.288434
label: person
pos: 563.342005 155.912146 22.587219 55.263681
occl: 1
lock: 0
posv: 568.603140 155.924028 14.776859 14.666068
label: person
pos: 433.479066 160.393944 18.846559 50.296843
occl: 1
lock: 0
posv: 433.481812 162.803793 17.852327 14.987981
