setid: 9
volid: 2
frameid: 1770
name: 09002001770
num: 3
label: people
pos: 449.152427 163.342718 37.281553 41.289320
occl: 0
lock: 0
posv: 0.000000 0.000000 0.000000 0.000000
label: people
pos: 411.345366 164.835676 22.944770 37.008201
occl: 0
lock: 0
posv: 0.000000 0.000000 0.000000 0.000000
label: person
pos: 395.681410 172.982663 20.704577 34.840499
occl: 0
lock: 0
posv: 0.000000 0.000000 0.000000 0.000000
