setid: 9
volid: 5
frameid: 750
name: 09005000750
num: 2
label: person
pos: 275.552198 183.354823 13.279915 20.443895
occl: 0
lock: 0
posv: 0.000000 0.000000 0.000000 0.000000
label: person
pos: 289.237531 181.436321 10.873895 21.808433
occl: 0
lock: 0
posv: 0.000000 0.000000 0.000000 0.000000
