setid: 9
volid: 2
frameid: 90
name: 09002000090
num: 1
label: person
pos: 83.000714 176.836808 16.310680 27.961165
occl: 0
lock: 0
posv: 0.000000 0.000000 0.000000 0.000000
