setid: 9
volid: 1
frameid: 90
name: 09001000090
num: 2
label: person
pos: 275.001091 142.788825 22.349206 48.049027
occl: 1
lock: 1
posv: 279.077702 144.654385 16.790420 13.031025
label: person
pos: 386.737302 158.114652 22.349206 41.679426
occl: 1
lock: 0
posv: 398.259180 158.114652 1.000000 41.345932
