setid: 9
volid: 4
frameid: 1680
name: 09004001680
num: 1
label: person
pos: 50.692918 161.139316 52.251038 106.394505
occl: 0
lock: 0
posv: 0.000000 0.000000 0.000000 0.000000
