setid: 9
volid: 2
frameid: 750
name: 09002000750
num: 1
label: people
pos: 13.823625 171.843689 76.364142 45.501618
occl: 0
lock: 0
posv: 0.000000 0.000000 0.000000 0.000000
