setid: 9
volid: 4
frameid: 720
name: 09004000720
num: 1
label: people
pos: 419.539072 170.404762 27.195360 34.539683
occl: 0
lock: 0
posv: 0.000000 0.000000 0.000000 0.000000
