setid: 9
volid: 5
frameid: 990
name: 09005000990
num: 1
label: person
pos: 443.563492 165.769841 15.238095 32.507937
occl: 1
lock: 0
posv: 448.672946 168.079197 9.280440 29.513392
