setid: 9
volid: 1
frameid: 540
name: 09001000540
num: 1
label: person
pos: 417.477680 152.289328 18.517094 37.901099
occl: 1
lock: 0
posv: 432.585998 152.289328 1.000000 31.975962
