setid: 9
volid: 1
frameid: 1500
name: 09001001500
num: 1
label: person
pos: 555.981316 176.037241 15.012101 39.344963
occl: 0
lock: 1
posv: 0.000000 0.000000 0.000000 0.000000
