setid: 9
volid: 4
frameid: 900
name: 09004000900
num: 1
label: person
pos: 467.251716 158.070562 19.301587 39.619048
occl: 0
lock: 0
posv: 0.000000 0.000000 0.000000 0.000000
