setid: 9
volid: 1
frameid: 450
name: 09001000450
num: 1
label: person
pos: 415.304497 152.039072 19.611020 37.901099
occl: 1
lock: 0
posv: 431.505336 152.039072 1.027952 34.171401
