setid: 9
volid: 1
frameid: 330
name: 09001000330
num: 1
label: person
pos: 398.024027 156.507027 13.258629 35.256946
occl: 0
lock: 0
posv: 0.000000 0.000000 0.000000 0.000000
