setid: 9
volid: 8
frameid: 1500
name: 09008001500
num: 1
label: person
pos: 371.164368 200.030600 21.270629 36.968546
occl: 1
lock: 0
posv: 372.117537 200.030600 20.317460 22.001436
