setid: 9
volid: 6
frameid: 840
name: 09006000840
num: 1
label: person
pos: 590.802808 173.197192 38.967033 87.058967
occl: 0
lock: 0
posv: 0.000000 0.000000 0.000000 0.000000
