setid: 9
volid: 2
frameid: 960
name: 09002000960
num: 2
label: people
pos: 91.259871 174.330421 55.516375 33.398058
occl: 0
lock: 0
posv: 0.000000 0.000000 0.000000 0.000000
label: person
pos: 35.575819 183.734601 16.731793 34.156411
occl: 0
lock: 0
posv: 0.000000 0.000000 0.000000 0.000000
