setid: 9
volid: 6
frameid: 1140
name: 09006001140
num: 2
label: person
pos: 297.846032 197.833333 13.206349 19.301587
occl: 0
lock: 0
posv: 0.000000 0.000000 0.000000 0.000000
label: person
pos: 595.293651 170.149573 37.523810 88.636142
occl: 0
lock: 0
posv: 0.000000 0.000000 0.000000 0.000000
