setid: 9
volid: 1
frameid: 30
name: 09001000030
num: 2
label: person
pos: 239.288632 143.366420 22.349206 51.356520
occl: 1
lock: 0
posv: 241.131696 145.880026 17.106417 11.909911
label: person
pos: 392.063736 158.315873 22.349206 41.650794
occl: 1
lock: 0
posv: 396.872017 162.013639 12.755978 36.627845
