setid: 9
volid: 2
frameid: 660
name: 09002000660
num: 2
label: person
pos: 391.882779 171.220659 11.594203 22.415459
occl: 1
lock: 1
posv: 391.882779 171.220659 11.594203 22.415459
label: person
pos: 378.817704 173.264990 12.838875 24.734300
occl: 0
lock: 1
posv: 0.000000 0.000000 0.000000 0.000000
