setid: 9
volid: 2
frameid: 810
name: 09002000810
num: 2
label: people
pos: 3.606796 174.868932 70.446602 48.155340
occl: 0
lock: 0
posv: 0.000000 0.000000 0.000000 0.000000
label: person
pos: 87.703850 174.950927 12.679523 29.713614
occl: 0
lock: 0
posv: 0.000000 0.000000 0.000000 0.000000
