setid: 9
volid: 6
frameid: 630
name: 09006000630
num: 3
label: person
pos: 579.039683 181.021978 37.587302 67.605006
occl: 1
lock: 1
posv: 579.039683 181.021978 37.587302 67.605006
label: person
pos: 558.442003 177.842080 26.725224 72.192904
occl: 0
lock: 0
posv: 0.000000 0.000000 0.000000 0.000000
label: person
pos: 355.539560 168.465763 38.967033 82.477411
occl: 0
lock: 0
posv: 0.000000 0.000000 0.000000 0.000000
