setid: 9
volid: 5
frameid: 1020
name: 09005001020
num: 1
label: person
pos: 440.940000 167.654286 15.584762 33.183492
occl: 0
lock: 0
posv: 0.000000 0.000000 0.000000 0.000000
