setid: 9
volid: 2
frameid: 600
name: 09002000600
num: 2
label: people
pos: 180.527619 162.441748 43.564871 29.514563
occl: 0
lock: 0
posv: 0.000000 0.000000 0.000000 0.000000
label: person
pos: 381.238088 170.419485 11.594203 22.415459
occl: 0
lock: 0
posv: 0.000000 0.000000 0.000000 0.000000
