setid: 9
volid: 4
frameid: 630
name: 09004000630
num: 1
label: people
pos: 384.494302 172.368783 23.365079 28.444444
occl: 0
lock: 0
posv: 0.000000 0.000000 0.000000 0.000000
