setid: 9
volid: 2
frameid: 1200
name: 09002001200
num: 3
label: people
pos: 423.111452 153.042104 45.603329 38.581335
occl: 0
lock: 0
posv: 0.000000 0.000000 0.000000 0.000000
label: person
pos: 406.670017 160.111650 19.417476 35.728155
occl: 0
lock: 0
posv: 0.000000 0.000000 0.000000 0.000000
label: person
pos: 518.662168 153.040313 27.530129 68.494841
occl: 0
lock: 0
posv: 0.000000 0.000000 0.000000 0.000000
