setid: 9
volid: 2
frameid: 30
name: 09002000030
num: 1
label: person
pos: 141.329276 178.734180 14.825243 24.495146
occl: 0
lock: 0
posv: 0.000000 0.000000 0.000000 0.000000
