setid: 9
volid: 4
frameid: 180
name: 09004000180
num: 1
label: person
pos: 47.992063 176.957143 32.863492 69.638095
occl: 0
lock: 0
posv: 0.000000 0.000000 0.000000 0.000000
