setid: 9
volid: 2
frameid: 1110
name: 09002001110
num: 3
label: people
pos: 413.703883 170.746450 29.764896 28.737864
occl: 0
lock: 0
posv: 0.000000 0.000000 0.000000 0.000000
label: person
pos: 438.641642 174.209505 20.220796 38.233257
occl: 0
lock: 0
posv: 0.000000 0.000000 0.000000 0.000000
label: person
pos: 455.327685 172.592233 15.388687 32.007595
occl: 0
lock: 0
posv: 0.000000 0.000000 0.000000 0.000000
