setid: 9
volid: 5
frameid: 870
name: 09005000870
num: 1
label: person
pos: 38.660950 183.611111 21.790937 43.036075
occl: 0
lock: 1
posv: 0.000000 0.000000 0.000000 0.000000
