setid: 9
volid: 0
frameid: 1830
name: 09000001830
num: 3
label: person
pos: 421.749313 166.033107 24.236054 57.300074
occl: 0
lock: 0
posv: 0.000000 0.000000 0.000000 0.000000
label: person
pos: 46.660736 176.275004 13.152702 33.891688
occl: 0
lock: 1
posv: 0.000000 0.000000 0.000000 0.000000
label: person
pos: 30.657813 166.674643 21.301749 46.122188
occl: 0
lock: 1
posv: 0.000000 0.000000 0.000000 0.000000
