setid: 9
volid: 0
frameid: 1710
name: 09000001710
num: 1
label: person
pos: 287.039683 172.588889 18.285714 32.507937
occl: 0
lock: 0
posv: 0.000000 0.000000 0.000000 0.000000
