setid: 9
volid: 4
frameid: 330
name: 09004000330
num: 1
label: person
pos: 78.354039 176.107906 29.851038 66.134986
occl: 0
lock: 0
posv: 0.000000 0.000000 0.000000 0.000000
