setid: 9
volid: 9
frameid: 390
name: 09009000390
num: 1
label: person
pos: 404.434246 162.321815 24.798040 39.207731
occl: 0
lock: 0
posv: 0.000000 0.000000 0.000000 0.000000
