setid: 9
volid: 6
frameid: 1200
name: 09006001200
num: 2
label: person
pos: 316.898936 196.265986 11.178406 19.301587
occl: 1
lock: 0
posv: 316.898936 196.265986 11.178406 19.301587
label: person
pos: 595.293651 170.149573 37.523810 88.636142
occl: 0
lock: 0
posv: 0.000000 0.000000 0.000000 0.000000
