setid: 9
volid: 6
frameid: 1380
name: 09006001380
num: 1
label: person
pos: 595.293651 170.149573 41.469304 88.636142
occl: 0
lock: 0
posv: 0.000000 0.000000 0.000000 0.000000
