setid: 9
volid: 6
frameid: 750
name: 09006000750
num: 1
label: person
pos: 554.913358 173.429076 46.266923 79.891776
occl: 0
lock: 0
posv: 0.000000 0.000000 0.000000 0.000000
