setid: 9
volid: 4
frameid: 1560
name: 09004001560
num: 1
label: person
pos: 372.117582 159.049573 31.582418 56.866300
occl: 0
lock: 0
posv: 0.000000 0.000000 0.000000 0.000000
