setid: 9
volid: 8
frameid: 1560
name: 09008001560
num: 1
label: person
pos: 158.767033 184.480586 20.317460 35.544200
occl: 1
lock: 0
posv: 168.419817 184.480586 1.000000 34.913949
