setid: 9
volid: 1
frameid: 60
name: 09001000060
num: 2
label: person
pos: 255.729230 144.902751 22.349206 50.857343
occl: 1
lock: 1
posv: 258.042940 145.859824 16.239107 11.925737
label: person
pos: 387.682173 158.830464 22.349206 41.650794
occl: 1
lock: 0
posv: 400.842245 159.328624 1.000000 40.618285
