setid: 9
volid: 4
frameid: 1590
name: 09004001590
num: 1
label: person
pos: 293.982722 155.017329 35.410253 66.630072
occl: 1
lock: 0
posv: 309.910358 155.017329 1.000000 55.372195
