setid: 9
volid: 8
frameid: 960
name: 09008000960
num: 2
label: person
pos: 156.439113 163.799707 17.712414 30.203378
occl: 0
lock: 0
posv: 0.000000 0.000000 0.000000 0.000000
label: person
pos: 139.570690 160.180440 15.808235 33.852994
occl: 0
lock: 0
posv: 0.000000 0.000000 0.000000 0.000000
