setid: 9
volid: 3
frameid: 1260
name: 09003001260
num: 4
label: person
pos: 81.531785 163.956664 11.594203 23.961353
occl: 1
lock: 0
posv: 81.531785 163.956664 11.594203 23.961353
label: person
pos: 99.428339 164.610742 10.843102 23.045610
occl: 1
lock: 0
posv: 99.428339 164.610742 10.843102 23.045610
label: person
pos: 64.589982 165.699864 11.982211 23.440766
occl: 1
lock: 0
posv: 64.589982 165.699864 11.982211 23.440766
label: person
pos: 544.469600 160.724989 19.569363 47.807964
occl: 1
lock: 0
posv: 547.699366 160.750305 16.165392 17.722049
