setid: 9
volid: 1
frameid: 1050
name: 09001001050
num: 2
label: person
pos: 584.119048 141.591331 20.317460 45.473748
occl: 1
lock: 0
posv: 592.558907 142.326802 10.236622 43.706395
label: person
pos: 471.125703 140.974299 14.961517 33.158890
occl: 0
lock: 0
posv: 0.000000 0.000000 0.000000 0.000000
