setid: 9
volid: 2
frameid: 1320
name: 09002001320
num: 4
label: people
pos: 551.698915 127.728611 82.249365 82.096708
occl: 0
lock: 0
posv: 0.000000 0.000000 0.000000 0.000000
label: person
pos: 578.839528 145.880678 39.694736 89.918238
occl: 0
lock: 0
posv: 0.000000 0.000000 0.000000 0.000000
label: person
pos: 489.511025 148.238308 21.335037 43.408703
occl: 1
lock: 1
posv: 491.774907 148.238308 19.071155 19.900102
label: person
pos: 514.698142 141.399890 19.689976 50.712388
occl: 1
lock: 1
posv: 515.571547 141.399890 15.472537 25.093244
