setid: 9
volid: 4
frameid: 1500
name: 09004001500
num: 1
label: person
pos: 425.236508 162.747131 20.767277 45.854457
occl: 1
lock: 1
posv: 428.951836 162.747131 16.760946 25.037779
