setid: 9
volid: 6
frameid: 330
name: 09006000330
num: 2
label: person
pos: 0.500000 182.595238 23.873016 75.174603
occl: 0
lock: 1
posv: 0.000000 0.000000 0.000000 0.000000
label: person
pos: 16.246032 185.642857 25.396825 72.126984
occl: 0
lock: 0
posv: 0.000000 0.000000 0.000000 0.000000
