setid: 9
volid: 1
frameid: 510
name: 09001000510
num: 1
label: person
pos: 416.359819 152.039072 18.517094 37.901099
occl: 1
lock: 0
posv: 432.536515 152.070807 1.000000 33.379951
