setid: 9
volid: 2
frameid: 900
name: 09002000900
num: 3
label: people
pos: 2.830097 173.315534 48.932039 48.155340
occl: 0
lock: 0
posv: 0.000000 0.000000 0.000000 0.000000
label: person
pos: 572.122216 153.898058 26.219464 83.189987
occl: 1
lock: 1
posv: 572.280744 155.221491 18.869556 24.622507
label: person
pos: 58.776259 176.602942 12.774890 30.073036
occl: 0
lock: 0
posv: 0.000000 0.000000 0.000000 0.000000
