setid: 9
volid: 9
frameid: 480
name: 09009000480
num: 1
label: person
pos: 611.370385 119.480093 27.354295 89.022790
occl: 0
lock: 0
posv: 0.000000 0.000000 0.000000 0.000000
