setid: 9
volid: 0
frameid: 720
name: 09000000720
num: 4
label: person
pos: 397.023199 173.492063 13.292735 30.943223
occl: 0
lock: 0
posv: 0.000000 0.000000 0.000000 0.000000
label: person
pos: 447.660092 175.582222 9.930332 26.819995
occl: 0
lock: 0
posv: 0.000000 0.000000 0.000000 0.000000
label: person
pos: 389.987320 175.169280 11.876102 30.716745
occl: 0
lock: 0
posv: 0.000000 0.000000 0.000000 0.000000
label: person
pos: 377.154333 171.419414 13.815267 31.184941
occl: 0
lock: 0
posv: 0.000000 0.000000 0.000000 0.000000
