setid: 9
volid: 8
frameid: 540
name: 09008000540
num: 2
label: person
pos: 294.591052 164.512698 32.574569 71.644814
occl: 1
lock: 0
posv: 294.591052 164.512698 32.574569 34.844444
label: person
pos: 270.700702 162.874241 26.349071 72.734495
occl: 1
lock: 0
posv: 272.445215 162.990261 24.604558 36.655007
