setid: 9
volid: 1
frameid: 660
name: 09001000660
num: 1
label: person
pos: 406.111416 150.162149 18.517094 37.901099
occl: 1
lock: 0
posv: 416.457030 156.669356 1.000000 25.999286
