setid: 9
volid: 4
frameid: 150
name: 09004000150
num: 1
label: person
pos: 34.836508 173.553968 33.371429 75.885714
occl: 0
lock: 0
posv: 0.000000 0.000000 0.000000 0.000000
