setid: 9
volid: 1
frameid: 1380
name: 09001001380
num: 1
label: person
pos: 522.978689 165.334087 17.445306 33.384839
occl: 0
lock: 1
posv: 0.000000 0.000000 0.000000 0.000000
