setid: 9
volid: 2
frameid: 540
name: 09002000540
num: 1
label: people
pos: 188.156656 162.329831 93.710315 29.346369
occl: 0
lock: 0
posv: 0.000000 0.000000 0.000000 0.000000
