setid: 9
volid: 3
frameid: 1080
name: 09003001080
num: 1
label: person
pos: 156.577363 157.866986 16.420910 32.694403
occl: 1
lock: 0
posv: 171.434821 159.417874 1.000000 19.748792
