setid: 9
volid: 3
frameid: 1440
name: 09003001440
num: 6
label: person
pos: 29.507729 166.507987 16.335678 29.694974
occl: 1
lock: 0
posv: 29.507729 169.091111 15.953407 27.111850
label: person
pos: 591.215976 150.968372 24.494187 72.626943
occl: 1
lock: 0
posv: 591.215976 150.968372 22.326138 48.565445
label: person
pos: 579.664551 161.853456 19.915615 56.047883
occl: 1
lock: 0
posv: 582.100108 162.919987 15.115797 28.294059
label: person
pos: 454.790992 165.999147 14.685990 32.272663
occl: 0
lock: 1
posv: 0.000000 0.000000 0.000000 0.000000
label: person
pos: 430.413043 165.949275 15.361930 31.497585
occl: 0
lock: 0
posv: 0.000000 0.000000 0.000000 0.000000
label: person
pos: 479.290372 165.531412 21.600100 46.597248
occl: 1
lock: 0
posv: 479.417996 166.681793 20.491213 42.844595
