setid: 9
volid: 2
frameid: 480
name: 09002000480
num: 2
label: people
pos: 223.980000 164.844337 84.284401 26.511327
occl: 0
lock: 0
posv: 0.000000 0.000000 0.000000 0.000000
label: people
pos: 387.336175 166.297101 13.913043 23.188406
occl: 0
lock: 1
posv: 0.000000 0.000000 0.000000 0.000000
