setid: 9
volid: 1
frameid: 180
name: 09001000180
num: 2
label: person
pos: 330.994070 138.434730 22.349206 47.784172
occl: 1
lock: 0
posv: 330.994070 152.007041 22.151921 1.000000
label: person
pos: 390.933460 157.045043 14.323215 40.925853
occl: 1
lock: 0
posv: 397.642262 157.045043 1.000000 40.925853
