setid: 9
volid: 9
frameid: 1050
name: 09009001050
num: 1
label: person?
pos: 107.987432 164.955553 24.785980 58.619533
occl: 1
lock: 0
posv: 113.829229 165.426267 18.591986 17.498661
