setid: 9
volid: 2
frameid: 390
name: 09002000390
num: 4
label: people
pos: 231.428155 168.572492 51.717799 21.851133
occl: 0
lock: 0
posv: 0.000000 0.000000 0.000000 0.000000
label: person
pos: 39.080898 171.910971 14.925194 34.632800
occl: 1
lock: 0
posv: 39.179612 171.910971 14.757282 25.870582
label: person
pos: 65.338835 172.070277 16.712054 34.310176
occl: 1
lock: 0
posv: 65.684723 172.070277 15.317223 15.168283
label: person
pos: 25.264637 175.118746 15.939177 33.131895
occl: 1
lock: 0
posv: 27.970936 175.676704 13.232878 18.274651
