setid: 9
volid: 7
frameid: 90
name: 09007000090
num: 1
label: person
pos: 498.715249 165.234365 29.460317 41.107901
occl: 1
lock: 0
posv: 518.517683 165.234365 1.000000 39.557012
