setid: 9
volid: 4
frameid: 210
name: 09004000210
num: 1
label: person
pos: 54.595238 179.296245 30.476190 67.047619
occl: 0
lock: 0
posv: 0.000000 0.000000 0.000000 0.000000
