setid: 9
volid: 3
frameid: 450
name: 09003000450
num: 2
label: people
pos: 72.770531 182.528986 23.188406 25.507246
occl: 0
lock: 0
posv: 0.000000 0.000000 0.000000 0.000000
label: person
pos: 61.738787 180.260202 13.388629 28.416167
occl: 1
lock: 1
posv: 65.170930 180.260202 9.331701 25.555709
