setid: 9
volid: 7
frameid: 450
name: 09007000450
num: 1
label: person
pos: 15.610134 153.809829 28.444444 78.858184
occl: 1
lock: 1
posv: 17.990868 154.220849 26.063711 24.334630
