setid: 9
volid: 3
frameid: 900
name: 09003000900
num: 3
label: person
pos: 427.939614 159.340580 16.231884 31.690821
occl: 0
lock: 1
posv: 0.000000 0.000000 0.000000 0.000000
label: person
pos: 473.817252 164.877067 16.082293 34.355925
occl: 0
lock: 1
posv: 0.000000 0.000000 0.000000 0.000000
label: person
pos: 424.141091 160.314431 14.685990 28.913049
occl: 1
lock: 0
posv: 432.454693 160.314431 1.000000 28.885464
