setid: 9
volid: 3
frameid: 960
name: 09003000960
num: 4
label: person
pos: 504.060314 139.279489 25.507246 60.032723
occl: 0
lock: 1
posv: 0.000000 0.000000 0.000000 0.000000
label: person
pos: 609.582126 146.325234 27.826087 67.121625
occl: 0
lock: 1
posv: 0.000000 0.000000 0.000000 0.000000
label: person
pos: 446.663764 147.718880 17.376351 41.813283
occl: 1
lock: 1
posv: 455.372421 147.720451 0.415842 26.278782
label: person
pos: 472.512674 151.145638 12.625007 36.793976
occl: 0
lock: 1
posv: 0.000000 0.000000 0.000000 0.000000
