setid: 9
volid: 8
frameid: 1020
name: 09008001020
num: 2
label: person
pos: 56.773748 153.469597 24.282326 41.668735
occl: 0
lock: 0
posv: 0.000000 0.000000 0.000000 0.000000
label: person
pos: 22.360562 156.886081 23.575611 45.648352
occl: 0
lock: 0
posv: 0.000000 0.000000 0.000000 0.000000
