setid: 9
volid: 2
frameid: 360
name: 09002000360
num: 4
label: person
pos: 76.534206 168.418326 14.354135 28.779233
occl: 1
lock: 0
posv: 77.636541 168.875128 13.203883 18.349515
label: person
pos: 525.833394 151.103251 15.108305 50.615481
occl: 1
lock: 0
posv: 533.715558 151.103251 1.000000 43.360415
label: person
pos: 517.141430 150.006806 16.341669 53.946937
occl: 1
lock: 0
posv: 521.899935 150.754386 1.011482 42.336252
label: person
pos: 64.645503 170.350948 13.196970 11.102692
occl: 0
lock: 0
posv: 0.000000 0.000000 0.000000 0.000000
