setid: 9
volid: 3
frameid: 690
name: 09003000690
num: 2
label: people
pos: 462.499945 162.688323 56.631829 55.376950
occl: 0
lock: 0
posv: 0.000000 0.000000 0.000000 0.000000
label: person
pos: 521.232572 159.967955 23.117067 59.847069
occl: 1
lock: 0
posv: 521.730037 160.379255 18.908769 22.772997
