setid: 9
volid: 4
frameid: 1110
name: 09004001110
num: 1
label: person
pos: 24.319232 152.816156 25.563786 59.803872
occl: 1
lock: 0
posv: 32.772833 152.816156 1.000000 56.288409
