setid: 9
volid: 4
frameid: 1080
name: 09004001080
num: 1
label: person
pos: 30.324176 145.821734 28.804964 53.238400
occl: 0
lock: 0
posv: 0.000000 0.000000 0.000000 0.000000
