setid: 9
volid: 5
frameid: 690
name: 09005000690
num: 1
label: person
pos: 224.847192 168.684124 14.041258 20.317460
occl: 0
lock: 0
posv: 0.000000 0.000000 0.000000 0.000000
