setid: 9
volid: 3
frameid: 540
name: 09003000540
num: 3
label: person-fa
pos: 93.793265 181.327792 15.253481 23.961353
occl: 0
lock: 1
posv: 0.000000 0.000000 0.000000 0.000000
label: person
pos: 125.157450 176.910622 10.722615 25.654474
occl: 1
lock: 0
posv: 125.157450 182.071112 10.437327 20.357204
label: person
pos: 431.653699 166.054874 13.306129 19.971228
occl: 0
lock: 0
posv: 0.000000 0.000000 0.000000 0.000000
