setid: 9
volid: 2
frameid: 1080
name: 09002001080
num: 3
label: people
pos: 412.904993 173.759362 29.958391 27.539528
occl: 0
lock: 0
posv: 0.000000 0.000000 0.000000 0.000000
label: person
pos: 436.070777 177.462505 16.967717 37.917079
occl: 1
lock: 0
posv: 436.070777 177.462505 16.716483 31.047093
label: person
pos: 447.862790 177.084122 16.222846 32.951996
occl: 1
lock: 0
posv: 447.862790 177.084122 16.222846 24.325340
