setid: 9
volid: 5
frameid: 300
name: 09005000300
num: 1
label: person
pos: 577.769841 173.960317 32.507937 68.825397
occl: 0
lock: 0
posv: 0.000000 0.000000 0.000000 0.000000
