setid: 9
volid: 3
frameid: 1500
name: 09003001500
num: 4
label: person
pos: 9.984200 168.266127 16.410628 30.682580
occl: 1
lock: 0
posv: 9.984200 168.266127 16.410628 30.682580
label: person
pos: 470.828822 167.441316 12.325623 34.393688
occl: 0
lock: 0
posv: 0.000000 0.000000 0.000000 0.000000
label: person
pos: 427.576933 168.223031 16.721572 29.901178
occl: 1
lock: 0
posv: 442.777462 168.223031 1.000000 28.609386
label: person
pos: 501.019358 170.029213 20.844672 54.387172
occl: 0
lock: 0
posv: 0.000000 0.000000 0.000000 0.000000
