setid: 9
volid: 3
frameid: 480
name: 09003000480
num: 1
label: people
pos: 16.511296 184.074879 26.280193 27.826087
occl: 0
lock: 0
posv: 0.000000 0.000000 0.000000 0.000000
