setid: 9
volid: 1
frameid: 1170
name: 09001001170
num: 1
label: person
pos: 547.114948 148.295401 26.505713 58.009641
occl: 0
lock: 0
posv: 0.000000 0.000000 0.000000 0.000000
