setid: 9
volid: 3
frameid: 1620
name: 09003001620
num: 3
label: person
pos: 295.199058 159.074479 20.267891 37.495579
occl: 0
lock: 0
posv: 0.000000 0.000000 0.000000 0.000000
label: person
pos: 219.357630 159.299091 45.685962 82.128446
occl: 0
lock: 0
posv: 0.000000 0.000000 0.000000 0.000000
label: person
pos: 331.671646 151.862106 31.379537 86.825027
occl: 1
lock: 0
posv: 348.099676 151.862106 1.913168 86.825027
