setid: 9
volid: 4
frameid: 690
name: 09004000690
num: 1
label: people
pos: 410.568376 169.185714 23.365079 34.539683
occl: 0
lock: 0
posv: 0.000000 0.000000 0.000000 0.000000
