setid: 9
volid: 6
frameid: 1500
name: 09006001500
num: 1
label: person
pos: 603.250443 170.149573 37.249557 88.636142
occl: 0
lock: 0
posv: 0.000000 0.000000 0.000000 0.000000
