setid: 9
volid: 2
frameid: 930
name: 09002000930
num: 3
label: people
pos: 2.830097 173.315534 41.533600 48.155340
occl: 0
lock: 0
posv: 0.000000 0.000000 0.000000 0.000000
label: people
pos: 96.619094 170.718770 39.042589 33.398058
occl: 0
lock: 0
posv: 0.000000 0.000000 0.000000 0.000000
label: person
pos: 45.670041 179.326516 15.707211 31.137551
occl: 0
lock: 0
posv: 0.000000 0.000000 0.000000 0.000000
