setid: 9
volid: 2
frameid: 270
name: 09002000270
num: 5
label: person
pos: 535.714641 160.078744 19.206110 60.343427
occl: 0
lock: 0
posv: 0.000000 0.000000 0.000000 0.000000
label: person
pos: 551.671435 166.608507 16.622016 49.528485
occl: 0
lock: 1
posv: 0.000000 0.000000 0.000000 0.000000
label: person
pos: 415.891530 159.656696 15.452395 35.281990
occl: 1
lock: 0
posv: 425.973036 164.752987 1.000000 27.854879
label: person
pos: 436.972358 161.533448 11.479669 34.891231
occl: 1
lock: 1
posv: 436.972358 162.812700 8.996472 33.611979
label: person
pos: 429.096659 158.930801 12.607967 35.746783
occl: 1
lock: 1
posv: 431.162064 158.930801 9.655639 33.426486
