setid: 9
volid: 3
frameid: 300
name: 09003000300
num: 2
label: person-fa
pos: 450.772691 158.712333 16.231884 32.463768
occl: 1
lock: 0
posv: 452.860600 158.959572 11.912775 31.476395
label: person
pos: 607.340777 149.597789 28.705913 64.406863
occl: 0
lock: 0
posv: 0.000000 0.000000 0.000000 0.000000
