setid: 9
volid: 6
frameid: 930
name: 09006000930
num: 1
label: person
pos: 594.033968 171.409255 37.523810 83.556777
occl: 0
lock: 0
posv: 0.000000 0.000000 0.000000 0.000000
