setid: 9
volid: 3
frameid: 720
name: 09003000720
num: 2
label: people
pos: 513.582126 160.925121 53.990338 53.371981
occl: 0
lock: 0
posv: 0.000000 0.000000 0.000000 0.000000
label: person
pos: 588.960216 153.296249 30.189969 70.774155
occl: 0
lock: 0
posv: 0.000000 0.000000 0.000000 0.000000
