setid: 9
volid: 1
frameid: 810
name: 09001000810
num: 2
label: person
pos: 419.547619 147.416606 16.253968 30.476190
occl: 1
lock: 0
posv: 426.499514 147.416606 1.000000 30.476190
label: person
pos: 395.007059 151.085740 19.983521 31.724691
occl: 1
lock: 0
posv: 401.991634 155.067659 1.000000 27.511706
