setid: 9
volid: 2
frameid: 1680
name: 09002001680
num: 6
label: people
pos: 406.740203 171.614193 29.746852 35.728155
occl: 0
lock: 0
posv: 0.000000 0.000000 0.000000 0.000000
label: person
pos: 507.648455 168.548924 21.229773 54.196332
occl: 0
lock: 1
posv: 0.000000 0.000000 0.000000 0.000000
label: person
pos: 580.526499 156.846047 28.424973 68.610334
occl: 1
lock: 0
posv: 580.526499 157.517755 24.139311 22.512424
label: person
pos: 534.329349 160.736341 22.714748 67.027902
occl: 1
lock: 0
posv: 545.725885 160.736341 1.000000 62.731759
label: person
pos: 566.443960 160.616956 20.053360 62.978360
occl: 1
lock: 0
posv: 567.645751 160.873656 18.077293 19.280952
label: person
pos: 71.618220 185.012352 10.573644 17.573870
occl: 0
lock: 0
posv: 0.000000 0.000000 0.000000 0.000000
