setid: 9
volid: 1
frameid: 630
name: 09001000630
num: 1
label: person
pos: 411.038339 152.065140 18.517094 38.031441
occl: 1
lock: 0
posv: 418.803027 152.065140 1.000000 31.955830
