setid: 9
volid: 1
frameid: 360
name: 09001000360
num: 1
label: person
pos: 403.453236 152.508303 18.517094 37.901099
occl: 1
lock: 0
posv: 411.284961 152.511794 1.000000 35.773722
