setid: 9
volid: 1
frameid: 1650
name: 09001001650
num: 1
label: person
pos: 541.395604 171.447569 28.286325 62.586008
occl: 1
lock: 1
posv: 547.883025 171.447569 17.774734 59.211767
