setid: 9
volid: 2
frameid: 870
name: 09002000870
num: 2
label: people
pos: 2.830097 173.315534 48.932039 48.155340
occl: 0
lock: 0
posv: 0.000000 0.000000 0.000000 0.000000
label: person
pos: 68.024231 172.616363 14.307306 31.701355
occl: 0
lock: 0
posv: 0.000000 0.000000 0.000000 0.000000
