setid: 9
volid: 6
frameid: 1350
name: 09006001350
num: 2
label: person
pos: 357.175611 195.765934 16.367063 19.301587
occl: 0
lock: 0
posv: 0.000000 0.000000 0.000000 0.000000
label: person
pos: 595.293651 170.149573 38.779194 88.636142
occl: 0
lock: 0
posv: 0.000000 0.000000 0.000000 0.000000
