setid: 9
volid: 3
frameid: 1590
name: 09003001590
num: 3
label: person
pos: 373.367038 162.556671 21.006247 40.976274
occl: 1
lock: 0
posv: 383.346106 164.842096 5.636621 38.028475
label: person
pos: 376.344047 167.980648 34.464308 70.086388
occl: 0
lock: 0
posv: 0.000000 0.000000 0.000000 0.000000
label: person
pos: 468.422656 160.268837 27.798714 74.968288
occl: 1
lock: 0
posv: 495.047457 160.268837 1.173913 73.978878
