setid: 9
volid: 2
frameid: 1800
name: 09002001800
num: 3
label: people
pos: 489.519608 158.558252 43.010633 53.592233
occl: 0
lock: 0
posv: 0.000000 0.000000 0.000000 0.000000
label: people
pos: 422.771366 164.453882 37.273815 44.675614
occl: 0
lock: 0
posv: 0.000000 0.000000 0.000000 0.000000
label: person
pos: 404.192747 172.185894 20.970874 39.099372
occl: 0
lock: 0
posv: 0.000000 0.000000 0.000000 0.000000
