setid: 9
volid: 8
frameid: 1530
name: 09008001530
num: 1
label: person
pos: 223.828522 192.252015 13.363555 33.225287
occl: 0
lock: 0
posv: 0.000000 0.000000 0.000000 0.000000
