setid: 9
volid: 9
frameid: 450
name: 09009000450
num: 1
label: person
pos: 505.573465 137.199594 24.273927 61.511020
occl: 0
lock: 0
posv: 0.000000 0.000000 0.000000 0.000000
