setid: 9
volid: 1
frameid: 840
name: 09001000840
num: 2
label: person
pos: 419.547619 147.667888 16.253968 30.476190
occl: 1
lock: 0
posv: 425.576709 150.900035 1.000000 25.443576
label: person
pos: 394.989621 149.192918 18.517094 31.463370
occl: 1
lock: 0
posv: 404.392252 151.914113 1.000000 26.544069
