setid: 9
volid: 4
frameid: 510
name: 09004000510
num: 1
label: person
pos: 63.787088 182.858211 25.396825 59.632479
occl: 0
lock: 0
posv: 0.000000 0.000000 0.000000 0.000000
