setid: 9
volid: 6
frameid: 690
name: 09006000690
num: 1
label: person
pos: 462.526075 170.267738 30.398359 79.419328
occl: 0
lock: 0
posv: 0.000000 0.000000 0.000000 0.000000
