setid: 9
volid: 1
frameid: 1110
name: 09001001110
num: 1
label: person
pos: 501.842982 142.034860 16.637369 46.208501
occl: 0
lock: 0
posv: 0.000000 0.000000 0.000000 0.000000
