setid: 9
volid: 2
frameid: 780
name: 09002000780
num: 2
label: people
pos: 2.460518 173.013685 84.030162 47.443366
occl: 0
lock: 0
posv: 0.000000 0.000000 0.000000 0.000000
label: person
pos: 99.834647 178.916828 12.456432 26.964785
occl: 0
lock: 0
posv: 0.000000 0.000000 0.000000 0.000000
