setid: 9
volid: 1
frameid: 120
name: 09001000120
num: 2
label: person
pos: 294.276859 141.104169 22.349206 49.430249
occl: 1
lock: 0
posv: 294.715528 149.900470 21.861868 1.000000
label: person
pos: 386.651404 158.057387 22.349206 41.650794
occl: 1
lock: 0
posv: 398.722365 158.057387 1.000000 41.650794
