setid: 9
volid: 2
frameid: 1350
name: 09002001350
num: 3
label: person
pos: 534.954455 151.526536 23.559871 56.024978
occl: 1
lock: 0
posv: 540.778916 152.239675 10.043694 20.155686
label: person
pos: 551.771350 153.898058 16.453271 48.623606
occl: 1
lock: 0
posv: 551.857129 153.898058 11.950742 20.767781
label: person
pos: 560.859979 144.725292 20.504509 60.443962
occl: 1
lock: 0
posv: 560.859979 144.725292 20.438391 44.649501
