setid: 9
volid: 6
frameid: 780
name: 09006000780
num: 1
label: person
pos: 588.242247 175.398345 44.270285 76.292568
occl: 0
lock: 0
posv: 0.000000 0.000000 0.000000 0.000000
