setid: 9
volid: 3
frameid: 1020
name: 09003001020
num: 3
label: person
pos: 532.837637 145.127398 19.120163 52.655922
occl: 1
lock: 0
posv: 532.837637 145.127398 17.351718 23.851406
label: person
pos: 176.942786 158.462161 14.685990 28.853508
occl: 1
lock: 0
posv: 185.935311 158.462161 1.000000 21.268577
label: person
pos: 528.548703 153.318703 16.525187 42.369883
occl: 1
lock: 0
posv: 538.838403 154.224638 1.000000 41.244814
