setid: 9
volid: 0
frameid: 750
name: 09000000750
num: 4
label: person
pos: 411.288156 174.179742 13.824585 37.435308
occl: 0
lock: 0
posv: 0.000000 0.000000 0.000000 0.000000
label: person
pos: 468.265385 175.920079 17.269841 32.559241
occl: 1
lock: 0
posv: 475.983769 175.920079 4.695136 32.559241
label: person
pos: 401.141671 176.263724 13.573719 31.732060
occl: 1
lock: 0
posv: 402.937158 176.263724 11.352935 31.732060
label: person
pos: 386.920482 172.131294 16.336521 37.166251
occl: 0
lock: 0
posv: 0.000000 0.000000 0.000000 0.000000
