setid: 9
volid: 3
frameid: 1410
name: 09003001410
num: 6
label: person
pos: 35.608314 164.799367 14.645916 26.299230
occl: 1
lock: 0
posv: 35.608314 164.799367 14.645916 26.299230
label: person
pos: 556.511594 152.316596 24.355763 63.214099
occl: 1
lock: 0
posv: 557.253623 152.316596 23.202330 30.490509
label: person
pos: 616.095008 156.506472 20.623493 53.059577
occl: 1
lock: 1
posv: 616.366874 156.778541 17.925722 18.683284
label: person
pos: 441.996979 164.648174 13.512633 31.565817
occl: 0
lock: 0
posv: 0.000000 0.000000 0.000000 0.000000
label: person
pos: 422.065217 163.862319 17.004831 30.338164
occl: 0
lock: 0
posv: 0.000000 0.000000 0.000000 0.000000
label: person
pos: 462.962079 163.779170 21.854561 48.029392
occl: 1
lock: 1
posv: 462.962079 165.722904 18.610098 24.914635
