setid: 9
volid: 3
frameid: 330
name: 09003000330
num: 1
label: person
pos: 21.703827 168.712873 15.710551 32.191005
occl: 1
lock: 0
posv: 24.461353 168.712873 12.953025 15.362007
