setid: 9
volid: 3
frameid: 90
name: 09003000090
num: 1
label: person
pos: 91.446509 172.520146 15.174457 33.705218
occl: 1
lock: 0
posv: 92.530653 174.691390 13.913043 24.308127
