setid: 9
volid: 6
frameid: 720
name: 09006000720
num: 1
label: person
pos: 513.121268 171.375310 41.563189 83.666932
occl: 1
lock: 0
posv: 520.128559 172.294210 24.362213 24.318500
