setid: 9
volid: 1
frameid: 900
name: 09001000900
num: 2
label: person
pos: 435.352384 141.484906 16.505071 32.974196
occl: 1
lock: 0
posv: 439.220645 142.620229 8.427946 28.231983
label: person
pos: 410.078246 143.838169 18.517094 31.534036
occl: 1
lock: 0
posv: 412.479185 143.838169 9.222324 26.083318
