setid: 9
volid: 1
frameid: 1320
name: 09001001320
num: 1
label: person
pos: 486.697805 160.215119 11.388693 26.036074
occl: 0
lock: 0
posv: 0.000000 0.000000 0.000000 0.000000
