setid: 9
volid: 2
frameid: 690
name: 09002000690
num: 1
label: person
pos: 388.360188 166.859761 12.838875 24.734300
occl: 1
lock: 0
posv: 388.360188 166.859761 12.838875 24.734300
