setid: 9
volid: 4
frameid: 960
name: 09004000960
num: 2
label: person
pos: 536.612014 157.461769 21.228865 51.241406
occl: 0
lock: 0
posv: 0.000000 0.000000 0.000000 0.000000
label: person?
pos: 161.046987 153.966723 19.455009 43.038222
occl: 0
lock: 0
posv: 0.000000 0.000000 0.000000 0.000000
