setid: 9
volid: 4
frameid: 360
name: 09004000360
num: 1
label: person
pos: 85.151442 180.819090 27.506716 62.712614
occl: 0
lock: 0
posv: 0.000000 0.000000 0.000000 0.000000
