setid: 9
volid: 4
frameid: 1170
name: 09004001170
num: 1
label: person
pos: 84.981513 168.502691 29.252635 72.422926
occl: 1
lock: 0
posv: 87.025000 171.063363 27.209149 24.178855
