setid: 9
volid: 1
frameid: 600
name: 09001000600
num: 1
label: person
pos: 418.793906 152.707199 18.517094 37.992919
occl: 0
lock: 0
posv: 0.000000 0.000000 0.000000 0.000000
