setid: 9
volid: 3
frameid: 1290
name: 09003001290
num: 5
label: person
pos: 68.964436 161.637823 11.594203 23.961353
occl: 1
lock: 0
posv: 68.964436 161.637823 11.594203 23.961353
label: person
pos: 95.222883 164.095876 10.843102 23.045610
occl: 1
lock: 0
posv: 95.222883 164.095876 10.843102 23.045610
label: person
pos: 43.946418 163.657679 13.099978 24.595559
occl: 1
lock: 0
posv: 43.946418 163.657679 13.099978 24.595559
label: person
pos: 552.590111 157.894004 22.178064 55.155269
occl: 1
lock: 0
posv: 561.290486 158.233722 1.000000 13.735387
label: person
pos: 427.520934 159.656200 17.140097 43.816337
occl: 1
lock: 0
posv: 427.576381 159.671725 16.827477 14.895976
