setid: 9
volid: 6
frameid: 450
name: 09006000450
num: 3
label: person
pos: 222.468254 179.448718 41.387668 71.951160
occl: 0
lock: 1
posv: 0.000000 0.000000 0.000000 0.000000
label: person
pos: 224.111128 181.071575 40.455073 73.848324
occl: 1
lock: 0
posv: 241.503199 181.071575 1.211822 73.004069
label: person
pos: 28.577364 172.421864 33.618660 81.990696
occl: 0
lock: 0
posv: 0.000000 0.000000 0.000000 0.000000
