setid: 9
volid: 2
frameid: 1050
name: 09002001050
num: 2
label: people
pos: 411.573509 177.088072 33.287101 25.542302
occl: 0
lock: 0
posv: 0.000000 0.000000 0.000000 0.000000
label: person
pos: 434.315555 180.197910 16.810604 38.473334
occl: 1
lock: 0
posv: 436.538444 181.620862 12.722909 17.452559
