setid: 9
volid: 2
frameid: 1710
name: 09002001710
num: 6
label: people
pos: 413.486008 168.655340 34.392633 35.728155
occl: 0
lock: 0
posv: 0.000000 0.000000 0.000000 0.000000
label: person
pos: 546.757493 158.980261 30.146112 73.428880
occl: 0
lock: 0
posv: 0.000000 0.000000 0.000000 0.000000
label: person
pos: 363.945174 176.863507 18.640777 27.961165
occl: 0
lock: 0
posv: 0.000000 0.000000 0.000000 0.000000
label: person
pos: 580.816227 156.051317 24.699029 72.978363
occl: 0
lock: 0
posv: 0.000000 0.000000 0.000000 0.000000
label: person
pos: 602.902741 164.898772 22.680830 71.657767
occl: 1
lock: 0
posv: 604.183038 164.898772 19.934643 68.768388
label: person
pos: 32.189320 187.257282 15.485437 27.883495
occl: 1
lock: 0
posv: 46.674757 187.257282 1.000000 27.883495
