setid: 9
volid: 8
frameid: 1620
name: 09008001620
num: 1
label: person
pos: 36.455922 168.683761 23.472650 50.889255
occl: 0
lock: 0
posv: 0.000000 0.000000 0.000000 0.000000
