setid: 9
volid: 2
frameid: 1140
name: 09002001140
num: 4
label: people
pos: 407.878641 166.778888 38.230916 28.737864
occl: 0
lock: 0
posv: 0.000000 0.000000 0.000000 0.000000
label: person
pos: 380.961428 170.892206 19.417476 31.786408
occl: 0
lock: 0
posv: 0.000000 0.000000 0.000000 0.000000
label: person
pos: 451.375471 170.314751 22.972595 43.398165
occl: 0
lock: 0
posv: 0.000000 0.000000 0.000000 0.000000
label: person
pos: 594.442936 164.563782 21.747573 60.427333
occl: 1
lock: 0
posv: 594.442936 167.558824 20.368285 26.016477
