setid: 9
volid: 2
frameid: 210
name: 09002000210
num: 2
label: person
pos: 448.563010 168.454477 11.092920 31.540959
occl: 0
lock: 0
posv: 0.000000 0.000000 0.000000 0.000000
label: person
pos: 460.081992 168.117853 11.144535 27.694235
occl: 0
lock: 0
posv: 0.000000 0.000000 0.000000 0.000000
