setid: 9
volid: 3
frameid: 180
name: 09003000180
num: 4
label: person
pos: 490.296436 156.712958 19.398495 42.651208
occl: 0
lock: 0
posv: 0.000000 0.000000 0.000000 0.000000
label: person
pos: 532.341432 162.956664 17.777778 36.328502
occl: 1
lock: 0
posv: 534.732148 163.265843 14.393289 26.261281
label: person
pos: 467.180975 164.552995 16.231884 36.021060
occl: 1
lock: 0
posv: 468.798500 164.552995 12.349063 33.859114
label: person
pos: 455.753009 162.506996 15.806599 33.391304
occl: 0
lock: 0
posv: 0.000000 0.000000 0.000000 0.000000
