setid: 9
volid: 2
frameid: 840
name: 09002000840
num: 2
label: people
pos: 2.830097 173.315534 48.932039 48.155340
occl: 0
lock: 0
posv: 0.000000 0.000000 0.000000 0.000000
label: person
pos: 77.035538 171.955876 15.042689 32.739587
occl: 1
lock: 0
posv: 85.927966 172.099994 1.000000 32.595469
