setid: 9
volid: 3
frameid: 120
name: 09003000120
num: 2
label: person
pos: 43.464815 172.061111 13.991747 28.219180
occl: 1
lock: 0
posv: 43.559259 173.086626 13.897303 23.536442
label: person
pos: 428.326087 164.751208 16.231884 32.517774
occl: 1
lock: 0
posv: 429.850662 166.420930 13.360394 25.941767
