setid: 9
volid: 6
frameid: 600
name: 09006000600
num: 3
label: person
pos: 533.227734 180.039192 35.814286 66.792308
occl: 0
lock: 1
posv: 0.000000 0.000000 0.000000 0.000000
label: person
pos: 514.200198 178.761833 25.374391 71.700623
occl: 0
lock: 0
posv: 0.000000 0.000000 0.000000 0.000000
label: person
pos: 300.682418 168.872112 38.967033 82.477411
occl: 0
lock: 0
posv: 0.000000 0.000000 0.000000 0.000000
