setid: 9
volid: 7
frameid: 1800
name: 09007001800
num: 1
label: person
pos: 550.678022 134.138095 38.603175 118.247619
occl: 0
lock: 0
posv: 0.000000 0.000000 0.000000 0.000000
