setid: 9
volid: 7
frameid: 1740
name: 09007001740
num: 1
label: person
pos: 446.410215 150.753051 25.119017 61.417385
occl: 1
lock: 0
posv: 446.410215 152.525397 21.828246 40.838095
