setid: 9
volid: 3
frameid: 630
name: 09003000630
num: 2
label: person
pos: 10.991140 186.108868 12.102369 27.410391
occl: 0
lock: 0
posv: 0.000000 0.000000 0.000000 0.000000
label: person
pos: 3.948930 182.970162 11.010179 31.360066
occl: 1
lock: 0
posv: 3.948930 182.970162 11.010179 31.360066
