setid: 9
volid: 1
frameid: 1530
name: 09001001530
num: 1
label: person
pos: 556.709428 176.286356 20.399183 42.731790
occl: 0
lock: 0
posv: 0.000000 0.000000 0.000000 0.000000
