setid: 9
volid: 1
frameid: 990
name: 09001000990
num: 2
label: person
pos: 502.870208 139.965934 16.842491 37.956288
occl: 1
lock: 0
posv: 509.174313 140.115310 1.000000 33.777301
label: person
pos: 448.666241 140.445490 12.426864 31.144226
occl: 0
lock: 0
posv: 0.000000 0.000000 0.000000 0.000000
