setid: 9
volid: 3
frameid: 1140
name: 09003001140
num: 1
label: person
pos: 130.295681 164.055556 16.272171 32.554299
occl: 1
lock: 0
posv: 144.808712 164.055556 1.000000 22.067633
