setid: 9
volid: 2
frameid: 1620
name: 09002001620
num: 3
label: people
pos: 394.275312 171.107490 26.241331 28.527046
occl: 0
lock: 0
posv: 0.000000 0.000000 0.000000 0.000000
label: person?
pos: 586.409109 154.186343 24.442872 66.496748
occl: 1
lock: 0
posv: 586.989668 156.530374 19.417476 21.802444
label: person
pos: 439.408991 169.837236 18.640777 42.328527
occl: 0
lock: 0
posv: 0.000000 0.000000 0.000000 0.000000
