setid: 9
volid: 1
frameid: 1470
name: 09001001470
num: 1
label: person
pos: 551.534446 171.729548 18.616245 39.619048
occl: 0
lock: 1
posv: 0.000000 0.000000 0.000000 0.000000
