setid: 9
volid: 1
frameid: 1200
name: 09001001200
num: 1
label: person
pos: 583.084743 160.906488 27.984513 62.944775
occl: 0
lock: 0
posv: 0.000000 0.000000 0.000000 0.000000
