setid: 9
volid: 4
frameid: 600
name: 09004000600
num: 1
label: people
pos: 387.812821 171.420635 23.365079 28.444444
occl: 0
lock: 0
posv: 0.000000 0.000000 0.000000 0.000000
