setid: 9
volid: 7
frameid: 30
name: 09007000030
num: 1
label: person
pos: 418.598291 159.230159 29.460317 39.619048
occl: 0
lock: 0
posv: 0.000000 0.000000 0.000000 0.000000
