setid: 9
volid: 2
frameid: 990
name: 09002000990
num: 3
label: people
pos: 402.053398 176.422330 35.728155 24.077670
occl: 0
lock: 0
posv: 0.000000 0.000000 0.000000 0.000000
label: people
pos: 88.230744 179.107120 53.314019 33.398058
occl: 0
lock: 0
posv: 0.000000 0.000000 0.000000 0.000000
label: person
pos: 21.798610 188.423244 17.395012 34.951456
occl: 0
lock: 0
posv: 0.000000 0.000000 0.000000 0.000000
