setid: 9
volid: 4
frameid: 660
name: 09004000660
num: 1
label: people
pos: 390.657265 171.217460 23.365079 29.053968
occl: 0
lock: 0
posv: 0.000000 0.000000 0.000000 0.000000
