setid: 9
volid: 2
frameid: 510
name: 09002000510
num: 1
label: people
pos: 206.903192 162.077602 101.143775 28.064725
occl: 0
lock: 0
posv: 0.000000 0.000000 0.000000 0.000000
