setid: 9
volid: 1
frameid: 240
name: 09001000240
num: 2
label: person
pos: 364.055593 140.940540 22.349206 51.886495
occl: 1
lock: 0
posv: 364.254429 150.179478 18.674497 1.131807
label: person
pos: 391.999349 152.714871 16.572659 39.340009
occl: 1
lock: 0
posv: 397.593447 152.749207 1.000000 39.305672
