setid: 9
volid: 1
frameid: 780
name: 09001000780
num: 2
label: person
pos: 419.547619 147.147375 16.253968 30.476190
occl: 1
lock: 0
posv: 428.034754 147.427623 1.000000 29.926879
label: person
pos: 399.049451 151.073260 18.517094 31.699328
occl: 1
lock: 0
posv: 406.531756 151.094628 1.000000 31.677961
