setid: 9
volid: 2
frameid: 1260
name: 09002001260
num: 3
label: people
pos: 469.475878 124.755745 62.185744 55.960676
occl: 0
lock: 0
posv: 0.000000 0.000000 0.000000 0.000000
label: person
pos: 450.053398 138.364078 23.083095 48.000000
occl: 0
lock: 0
posv: 0.000000 0.000000 0.000000 0.000000
label: person
pos: 544.187647 124.236785 28.781014 78.783409
occl: 1
lock: 0
posv: 544.966718 124.685630 19.165910 40.589018
