setid: 9
volid: 3
frameid: 1170
name: 09003001170
num: 3
label: person
pos: 613.617249 154.533475 20.869565 51.878261
occl: 0
lock: 0
posv: 0.000000 0.000000 0.000000 0.000000
label: person
pos: 119.142029 167.963045 10.847072 21.726178
occl: 0
lock: 0
posv: 0.000000 0.000000 0.000000 0.000000
label: person
pos: 130.220253 166.297101 9.582389 21.603769
occl: 0
lock: 0
posv: 0.000000 0.000000 0.000000 0.000000
