setid: 9
volid: 4
frameid: 240
name: 09004000240
num: 1
label: person
pos: 64.855556 177.442827 30.476190 67.047619
occl: 0
lock: 0
posv: 0.000000 0.000000 0.000000 0.000000
