setid: 9
volid: 9
frameid: 240
name: 09009000240
num: 1
label: person
pos: 350.831977 183.252912 19.300362 27.020507
occl: 0
lock: 0
posv: 0.000000 0.000000 0.000000 0.000000
