setid: 9
volid: 4
frameid: 570
name: 09004000570
num: 1
label: people
pos: 389.071429 169.388889 23.365079 28.444444
occl: 0
lock: 0
posv: 0.000000 0.000000 0.000000 0.000000
