setid: 9
volid: 1
frameid: 1080
name: 09001001080
num: 1
label: person
pos: 481.619658 139.877167 18.489316 42.470391
occl: 0
lock: 0
posv: 0.000000 0.000000 0.000000 0.000000
