setid: 9
volid: 3
frameid: 600
name: 09003000600
num: 3
label: person
pos: 68.634751 183.648254 9.637092 24.918334
occl: 0
lock: 0
posv: 0.000000 0.000000 0.000000 0.000000
label: person-fa
pos: 3.501563 188.445439 16.345126 29.328929
occl: 0
lock: 0
posv: 0.000000 0.000000 0.000000 0.000000
label: person
pos: 57.416230 182.528986 12.367150 27.826087
occl: 0
lock: 0
posv: 0.000000 0.000000 0.000000 0.000000
