setid: 9
volid: 2
frameid: 1380
name: 09002001380
num: 2
label: person
pos: 590.635271 152.058841 27.201726 71.381385
occl: 1
lock: 0
posv: 590.635271 152.058841 27.013775 31.551180
label: person
pos: 465.269945 169.330074 15.848412 39.479105
occl: 1
lock: 0
posv: 474.692733 169.330074 1.000000 39.044322
