setid: 9
volid: 3
frameid: 570
name: 09003000570
num: 3
label: person
pos: 104.755963 183.304310 8.552366 19.116257
occl: 0
lock: 0
posv: 0.000000 0.000000 0.000000 0.000000
label: person-fa
pos: 55.265985 183.041915 16.345126 26.540210
occl: 0
lock: 1
posv: 0.000000 0.000000 0.000000 0.000000
label: person
pos: 94.713241 178.374860 12.900851 26.758684
occl: 0
lock: 0
posv: 0.000000 0.000000 0.000000 0.000000
