setid: 9
volid: 9
frameid: 150
name: 09009000150
num: 5
label: person
pos: 210.972752 156.139834 25.009419 93.600789
occl: 0
lock: 0
posv: 0.000000 0.000000 0.000000 0.000000
label: person
pos: 179.412953 148.303579 36.336645 117.441295
occl: 0
lock: 0
posv: 0.000000 0.000000 0.000000 0.000000
label: person
pos: 153.538113 158.667323 31.645486 96.501809
occl: 0
lock: 0
posv: 0.000000 0.000000 0.000000 0.000000
label: person
pos: 113.596599 161.128074 41.515198 110.750037
occl: 0
lock: 0
posv: 0.000000 0.000000 0.000000 0.000000
label: person
pos: 57.576710 171.005911 26.325694 71.578528
occl: 0
lock: 0
posv: 0.000000 0.000000 0.000000 0.000000
