setid: 9
volid: 4
frameid: 1020
name: 09004001020
num: 1
label: person
pos: 83.611111 149.030794 22.125714 55.243175
occl: 0
lock: 0
posv: 0.000000 0.000000 0.000000 0.000000
