setid: 9
volid: 6
frameid: 660
name: 09006000660
num: 2
label: person
pos: 591.255049 174.877412 28.971535 70.887537
occl: 1
lock: 1
posv: 593.217290 174.877412 26.725224 39.099208
label: person
pos: 410.693407 171.227473 38.967033 82.477411
occl: 0
lock: 0
posv: 0.000000 0.000000 0.000000 0.000000
