setid: 9
volid: 2
frameid: 330
name: 09002000330
num: 4
label: person
pos: 105.777646 164.588815 13.015495 26.486816
occl: 1
lock: 0
posv: 106.053398 164.588815 12.739743 15.095651
label: person
pos: 465.432039 157.315534 16.543689 35.728155
occl: 1
lock: 0
posv: 470.008946 157.877872 8.238249 30.229279
label: person
pos: 491.033095 152.402075 13.245526 41.046833
occl: 1
lock: 0
posv: 491.033095 152.402075 13.245526 41.046833
label: person
pos: 482.873302 152.527826 13.105826 41.594844
occl: 0
lock: 0
posv: 0.000000 0.000000 0.000000 0.000000
