setid: 9
volid: 4
frameid: 1470
name: 09004001470
num: 1
label: person
pos: 439.187831 165.794750 18.503053 39.352869
occl: 1
lock: 0
posv: 450.678238 165.809356 1.000000 38.511860
