setid: 9
volid: 4
frameid: 870
name: 09004000870
num: 1
label: person
pos: 444.789175 163.415868 15.327031 35.091702
occl: 0
lock: 0
posv: 0.000000 0.000000 0.000000 0.000000
