setid: 9
volid: 2
frameid: 1560
name: 09002001560
num: 3
label: person
pos: 490.277659 158.766507 19.690416 43.311018
occl: 0
lock: 0
posv: 0.000000 0.000000 0.000000 0.000000
label: person
pos: 469.521304 163.281420 14.027551 32.459276
occl: 0
lock: 0
posv: 0.000000 0.000000 0.000000 0.000000
label: person
pos: 524.225109 152.661435 19.545963 65.629783
occl: 0
lock: 0
posv: 0.000000 0.000000 0.000000 0.000000
