setid: 9
volid: 8
frameid: 810
name: 09008000810
num: 1
label: person
pos: 591.782611 142.775995 29.700037 78.618926
occl: 0
lock: 0
posv: 0.000000 0.000000 0.000000 0.000000
