setid: 9
volid: 1
frameid: 1560
name: 09001001560
num: 1
label: person
pos: 552.434245 176.338181 24.204931 46.109208
occl: 0
lock: 1
posv: 0.000000 0.000000 0.000000 0.000000
