setid: 9
volid: 3
frameid: 1530
name: 09003001530
num: 3
label: person
pos: 428.278598 168.393159 17.896736 32.351329
occl: 1
lock: 0
posv: 439.152769 168.393159 1.000000 32.351329
label: person
pos: 498.785003 169.057645 20.869565 56.633886
occl: 1
lock: 0
posv: 506.091647 169.057645 7.405367 43.480299
label: person
pos: 520.199460 166.894317 18.783291 64.089950
occl: 1
lock: 0
posv: 521.180189 167.222091 15.859306 63.762176
