setid: 9
volid: 4
frameid: 1050
name: 09004001050
num: 2
label: person
pos: 19.153968 146.592698 23.954286 63.166984
occl: 0
lock: 0
posv: 0.000000 0.000000 0.000000 0.000000
label: person
pos: 49.201389 149.017094 22.927141 53.238400
occl: 0
lock: 1
posv: 0.000000 0.000000 0.000000 0.000000
