setid: 9
volid: 7
frameid: 1770
name: 09007001770
num: 1
label: person
pos: 474.811111 147.141270 27.967033 80.660317
occl: 1
lock: 0
posv: 474.811111 147.141270 27.967033 80.660317
