setid: 9
volid: 1
frameid: 390
name: 09001000390
num: 1
label: person
pos: 409.084005 152.036393 18.517094 37.903778
occl: 1
lock: 0
posv: 419.493825 152.036393 1.000000 31.175774
