setid: 9
volid: 6
frameid: 960
name: 09006000960
num: 1
label: person
pos: 595.253016 170.190208 38.645273 83.877857
occl: 1
lock: 1
posv: 596.987693 174.487237 36.910596 79.580827
