setid: 9
volid: 1
frameid: 1350
name: 09001001350
num: 1
label: person
pos: 508.648973 162.232554 15.476114 30.460772
occl: 0
lock: 0
posv: 0.000000 0.000000 0.000000 0.000000
