setid: 9
volid: 3
frameid: 870
name: 09003000870
num: 2
label: person
pos: 444.227460 162.058440 17.107890 33.353990
occl: 1
lock: 0
posv: 444.831070 162.679675 14.580795 23.284359
label: person
pos: 422.968161 162.873787 9.911403 26.784280
occl: 0
lock: 0
posv: 0.000000 0.000000 0.000000 0.000000
