setid: 9
volid: 0
frameid: 840
name: 09000000840
num: 4
label: person
pos: 438.718865 167.486323 20.475871 56.593534
occl: 0
lock: 0
posv: 0.000000 0.000000 0.000000 0.000000
label: person
pos: 600.191274 169.814978 28.597969 72.328650
occl: 0
lock: 0
posv: 0.000000 0.000000 0.000000 0.000000
label: person
pos: 425.084518 170.620056 17.841641 48.359070
occl: 1
lock: 0
posv: 425.891147 170.620056 14.715069 46.670907
label: person
pos: 405.163569 166.853305 20.581921 53.332008
occl: 1
lock: 0
posv: 405.607109 167.086284 20.133365 53.099028
