setid: 9
volid: 10
frameid: 660
name: 09010000660
num: 2
label: person
pos: 162.788361 174.925465 13.913043 35.236715
occl: 1
lock: 0
posv: 163.525698 174.929458 3.665375 32.011804
label: person
pos: 470.729180 170.026283 17.004831 41.317013
occl: 1
lock: 0
posv: 472.386302 172.784241 13.548391 12.053033
