setid: 9
volid: 10
frameid: 1020
name: 09010001020
num: 2
label: person
pos: 536.288576 140.514777 67.937482 149.951691
occl: 0
lock: 0
posv: 0.000000 0.000000 0.000000 0.000000
label: person
pos: 456.172265 156.656138 27.664677 61.472648
occl: 1
lock: 0
posv: 459.709573 156.656138 24.127369 48.354762
