setid: 9
volid: 10
frameid: 1650
name: 09010001650
num: 1
label: person
pos: 123.063704 176.287214 20.638960 40.718111
occl: 1
lock: 0
posv: 132.082537 176.287214 1.000000 29.113932
