setid: 9
volid: 10
frameid: 870
name: 09010000870
num: 2
label: person
pos: 583.852568 158.355882 34.602284 84.638073
occl: 1
lock: 0
posv: 583.852568 158.355882 34.602284 84.638073
label: person
pos: 515.356635 161.664827 24.734300 50.647904
occl: 0
lock: 0
posv: 0.000000 0.000000 0.000000 0.000000
