setid: 9
volid: 10
frameid: 1230
name: 09010001230
num: 1
label: person
pos: 178.168129 175.931204 26.008790 48.853446
occl: 1
lock: 0
posv: 192.197364 175.931204 1.082508 39.062705
