setid: 9
volid: 11
frameid: 60
name: 09011000060
num: 1
label: person
pos: 164.329653 139.538207 19.410443 40.645652
occl: 0
lock: 0
posv: 0.000000 0.000000 0.000000 0.000000
