setid: 9
volid: 10
frameid: 900
name: 09010000900
num: 1
label: person
pos: 526.790370 159.487255 24.734300 54.076174
occl: 0
lock: 0
posv: 0.000000 0.000000 0.000000 0.000000
