setid: 9
volid: 10
frameid: 510
name: 09010000510
num: 2
label: person
pos: 156.234300 157.340580 13.913043 31.690821
occl: 0
lock: 1
posv: 0.000000 0.000000 0.000000 0.000000
label: person
pos: 488.855187 148.314921 17.125235 36.818358
occl: 1
lock: 0
posv: 488.855187 148.314921 16.266115 15.239538
