setid: 9
volid: 10
frameid: 1110
name: 09010001110
num: 2
label: person
pos: 209.442995 143.109731 68.050242 152.860732
occl: 1
lock: 0
posv: 218.668403 143.109731 46.471549 83.404451
label: person
pos: 316.298479 167.759624 37.239313 78.065093
occl: 1
lock: 0
posv: 346.625685 167.789900 1.000000 44.310225
