setid: 9
volid: 10
frameid: 1320
name: 09010001320
num: 2
label: people
pos: 195.398551 168.960216 27.053140 17.004831
occl: 0
lock: 0
posv: 0.000000 0.000000 0.000000 0.000000
label: person
pos: 99.538619 173.829596 27.664677 53.572677
occl: 0
lock: 0
posv: 0.000000 0.000000 0.000000 0.000000
