setid: 9
volid: 11
frameid: 30
name: 09011000030
num: 1
label: person
pos: 213.531614 134.179255 22.415459 39.420290
occl: 0
lock: 0
posv: 0.000000 0.000000 0.000000 0.000000
