setid: 9
volid: 10
frameid: 600
name: 09010000600
num: 2
label: person
pos: 159.591787 167.448346 13.913043 31.690821
occl: 1
lock: 0
posv: 163.225956 167.448346 1.000000 31.690821
label: person
pos: 481.719922 160.818924 17.004831 35.946019
occl: 1
lock: 0
posv: 482.197448 161.686965 15.562100 14.567441
