setid: 9
volid: 10
frameid: 720
name: 09010000720
num: 2
label: person
pos: 154.942882 189.075422 13.913043 35.236715
occl: 1
lock: 0
posv: 157.552663 189.078272 10.973909 34.810816
label: person
pos: 467.634010 181.200793 17.956842 36.346057
occl: 1
lock: 0
posv: 469.038931 181.345998 16.551920 15.949058
