setid: 9
volid: 10
frameid: 930
name: 09010000930
num: 1
label: person
pos: 534.124257 153.612859 24.734300 56.793975
occl: 0
lock: 0
posv: 0.000000 0.000000 0.000000 0.000000
