setid: 9
volid: 10
frameid: 840
name: 09010000840
num: 3
label: person
pos: 25.283991 179.265315 13.040806 37.848187
occl: 0
lock: 0
posv: 0.000000 0.000000 0.000000 0.000000
label: person
pos: 533.838519 168.073529 28.871235 64.186935
occl: 1
lock: 0
posv: 533.838519 168.073529 28.871235 64.186935
label: person
pos: 502.484864 169.532005 24.643365 47.850586
occl: 0
lock: 0
posv: 0.000000 0.000000 0.000000 0.000000
