setid: 9
volid: 10
frameid: 1350
name: 09010001350
num: 1
label: person
pos: 91.452862 172.996935 28.497519 53.691767
occl: 0
lock: 0
posv: 0.000000 0.000000 0.000000 0.000000
