setid: 9
volid: 10
frameid: 1500
name: 09010001500
num: 1
label: person
pos: 96.897016 175.639798 23.395567 44.485323
occl: 0
lock: 0
posv: 0.000000 0.000000 0.000000 0.000000
