setid: 9
volid: 10
frameid: 540
name: 09010000540
num: 2
label: person
pos: 156.234300 157.340580 13.913043 35.261814
occl: 1
lock: 0
posv: 158.229282 157.375235 3.052483 31.636913
label: person
pos: 489.368915 149.624362 17.004831 38.920872
occl: 1
lock: 1
posv: 490.885448 149.880510 14.577747 15.086538
