setid: 9
volid: 10
frameid: 1590
name: 09010001590
num: 1
label: person
pos: 113.721858 174.279412 22.192684 43.805129
occl: 0
lock: 0
posv: 0.000000 0.000000 0.000000 0.000000
