setid: 9
volid: 10
frameid: 1620
name: 09010001620
num: 1
label: person
pos: 118.598321 174.279412 20.689080 43.805129
occl: 1
lock: 0
posv: 128.130673 174.678247 1.000000 40.909361
