setid: 9
volid: 10
frameid: 1290
name: 09010001290
num: 1
label: person
pos: 136.235631 176.106067 8.252744 45.520819
occl: 0
lock: 0
posv: 0.000000 0.000000 0.000000 0.000000
