setid: 9
volid: 10
frameid: 1050
name: 09010001050
num: 2
label: person
pos: 445.482534 142.534101 62.941657 150.530722
occl: 1
lock: 0
posv: 446.755662 142.534101 55.192846 80.439623
label: person
pos: 408.510516 159.477252 27.730524 61.895123
occl: 1
lock: 0
posv: 434.126734 159.477252 1.000000 39.892047
