setid: 9
volid: 11
frameid: 1830
name: 09011001830
num: 1
label: person
pos: 591.889883 173.686473 15.458937 21.642512
occl: 1
lock: 0
posv: 591.889883 173.686473 15.458937 21.642512
