setid: 9
volid: 11
frameid: 120
name: 09011000120
num: 1
label: person
pos: 25.311594 124.078147 28.367150 67.648906
occl: 0
lock: 0
posv: 0.000000 0.000000 0.000000 0.000000
