setid: 9
volid: 10
frameid: 1080
name: 09010001080
num: 2
label: person
pos: 320.561836 138.557810 62.608696 156.430073
occl: 1
lock: 0
posv: 352.452725 147.960076 1.287037 48.322551
label: person
pos: 364.162740 159.273073 28.116014 67.693947
occl: 1
lock: 0
posv: 385.446293 163.615561 1.000000 42.485190
