setid: 9
volid: 11
frameid: 540
name: 09011000540
num: 1
label: person
pos: 239.955101 167.070048 30.144928 59.516908
occl: 0
lock: 1
posv: 0.000000 0.000000 0.000000 0.000000
