setid: 9
volid: 10
frameid: 1260
name: 09010001260
num: 1
label: person
pos: 149.662035 174.962106 27.664677 52.768812
occl: 0
lock: 0
posv: 0.000000 0.000000 0.000000 0.000000
