setid: 9
volid: 10
frameid: 1380
name: 09010001380
num: 1
label: person
pos: 87.100463 174.671577 20.671929 46.400973
occl: 0
lock: 0
posv: 0.000000 0.000000 0.000000 0.000000
