setid: 9
volid: 10
frameid: 420
name: 09010000420
num: 2
label: person
pos: 185.234300 159.340580 13.913043 31.690821
occl: 0
lock: 1
posv: 0.000000 0.000000 0.000000 0.000000
label: person
pos: 474.471014 150.559903 17.004831 40.935266
occl: 1
lock: 0
posv: 481.659267 150.559903 1.000000 40.193237
