setid: 9
volid: 10
frameid: 480
name: 09010000480
num: 2
label: person
pos: 164.234300 157.340580 13.913043 31.690821
occl: 0
lock: 1
posv: 0.000000 0.000000 0.000000 0.000000
label: person
pos: 485.599451 148.858757 17.004831 36.274523
occl: 1
lock: 0
posv: 497.290012 148.858757 1.000000 27.650202
