setid: 9
volid: 11
frameid: 90
name: 09011000090
num: 1
label: person
pos: 105.340864 131.266553 23.919551 53.205175
occl: 1
lock: 0
posv: 115.097836 131.328389 1.000000 53.143339
