setid: 9
volid: 10
frameid: 1680
name: 09010001680
num: 1
label: person
pos: 123.917732 176.642157 20.638960 32.478199
occl: 1
lock: 1
posv: 133.471210 176.642157 0.376238 23.524661
