setid: 9
volid: 10
frameid: 780
name: 09010000780
num: 3
label: person
pos: 116.998938 186.712560 12.495404 35.236715
occl: 0
lock: 0
posv: 0.000000 0.000000 0.000000 0.000000
label: person
pos: 478.554874 173.253623 20.096618 55.652174
occl: 1
lock: 0
posv: 491.466238 173.253623 1.523125 55.652174
label: person
pos: 481.272211 178.652954 17.035688 36.775263
occl: 1
lock: 0
posv: 489.682042 178.919114 1.000000 33.211310
