setid: 9
volid: 11
frameid: 1860
name: 09011001860
num: 1
label: person
pos: 582.630861 172.137539 15.458937 21.642512
occl: 0
lock: 0
posv: 0.000000 0.000000 0.000000 0.000000
