setid: 9
volid: 10
frameid: 1140
name: 09010001140
num: 3
label: person?
pos: 179.373375 166.406905 14.685990 26.222335
occl: 1
lock: 0
posv: 179.373375 166.406905 14.515088 17.667974
label: person
pos: 102.065217 143.915743 68.792271 150.690537
occl: 0
lock: 0
posv: 0.000000 0.000000 0.000000 0.000000
label: person
pos: 273.327141 170.369050 39.264289 70.241813
occl: 1
lock: 0
posv: 298.146789 172.153778 1.000000 40.674771
