setid: 9
volid: 10
frameid: 1200
name: 09010001200
num: 2
label: people
pos: 178.277778 164.751208 32.463768 21.642512
occl: 0
lock: 1
posv: 0.000000 0.000000 0.000000 0.000000
label: person
pos: 211.751157 172.688825 25.782672 49.000602
occl: 1
lock: 0
posv: 211.751157 172.688825 24.866061 43.328317
