setid: 9
volid: 10
frameid: 390
name: 09010000390
num: 1
label: person
pos: 467.789233 150.065217 10.649149 37.522361
occl: 0
lock: 1
posv: 0.000000 0.000000 0.000000 0.000000
