setid: 9
volid: 10
frameid: 1470
name: 09010001470
num: 1
label: person
pos: 95.936653 176.934275 17.779144 43.465416
occl: 0
lock: 0
posv: 0.000000 0.000000 0.000000 0.000000
