setid: 9
volid: 10
frameid: 960
name: 09010000960
num: 1
label: person
pos: 523.937058 147.738463 24.734300 58.481458
occl: 0
lock: 0
posv: 0.000000 0.000000 0.000000 0.000000
