setid: 9
volid: 11
frameid: 510
name: 09011000510
num: 1
label: person
pos: 460.403382 168.615942 27.826087 51.787440
occl: 0
lock: 1
posv: 0.000000 0.000000 0.000000 0.000000
