setid: 9
volid: 10
frameid: 450
name: 09010000450
num: 2
label: person
pos: 174.734300 158.340580 13.913043 31.690821
occl: 0
lock: 1
posv: 0.000000 0.000000 0.000000 0.000000
label: person
pos: 483.443192 148.607660 17.004831 37.819510
occl: 1
lock: 0
posv: 498.019219 148.607660 1.000000 35.091787
