setid: 9
volid: 10
frameid: 690
name: 09010000690
num: 2
label: person
pos: 158.874328 183.285881 9.868112 30.986607
occl: 0
lock: 0
posv: 0.000000 0.000000 0.000000 0.000000
label: person
pos: 466.216169 175.350009 17.755092 39.560330
occl: 1
lock: 0
posv: 468.898431 178.503416 15.072830 13.910477
