setid: 9
volid: 10
frameid: 1530
name: 09010001530
num: 1
label: person
pos: 102.771412 175.021441 23.395567 44.176144
occl: 0
lock: 0
posv: 0.000000 0.000000 0.000000 0.000000
