setid: 9
volid: 10
frameid: 1170
name: 09010001170
num: 2
label: person
pos: 12.429952 153.322819 65.963910 150.690537
occl: 0
lock: 0
posv: 0.000000 0.000000 0.000000 0.000000
label: person
pos: 246.153075 168.925636 27.664677 64.388580
occl: 1
lock: 0
posv: 251.734626 169.521965 10.189908 29.564694
