setid: 9
volid: 10
frameid: 810
name: 09010000810
num: 3
label: person
pos: 77.177607 184.738199 16.289855 35.564017
occl: 1
lock: 0
posv: 84.668073 184.738199 4.546841 35.236715
label: person
pos: 506.127423 172.516951 20.530094 56.388846
occl: 1
lock: 0
posv: 517.628597 172.516951 1.000000 50.459882
label: person
pos: 491.317609 175.518821 21.915317 43.885485
occl: 1
lock: 0
posv: 493.898318 175.518821 15.966161 41.532722
