setid: 9
volid: 10
frameid: 1410
name: 09010001410
num: 1
label: person
pos: 89.814490 175.051604 15.795713 47.672884
occl: 0
lock: 0
posv: 0.000000 0.000000 0.000000 0.000000
