setid: 9
volid: 10
frameid: 630
name: 09010000630
num: 2
label: person
pos: 160.599034 171.253623 13.913043 33.463768
occl: 1
lock: 1
posv: 160.599034 171.253623 10.431769 33.038815
label: person
pos: 476.048053 165.401563 17.004831 38.187290
occl: 1
lock: 1
posv: 478.081401 166.999267 14.287722 14.945784
