setid: 9
volid: 10
frameid: 1440
name: 09010001440
num: 1
label: person
pos: 89.459502 175.337580 18.854999 42.502473
occl: 0
lock: 0
posv: 0.000000 0.000000 0.000000 0.000000
