setid: 9
volid: 10
frameid: 750
name: 09010000750
num: 2
label: person
pos: 143.215750 190.344676 11.874946 33.381281
occl: 0
lock: 1
posv: 0.000000 0.000000 0.000000 0.000000
label: person
pos: 477.241309 178.882784 18.014528 36.842212
occl: 1
lock: 1
posv: 478.081459 179.020370 17.174378 15.194388
