setid: 9
volid: 10
frameid: 990
name: 09010000990
num: 1
label: person
pos: 496.813441 148.201236 27.664677 61.472648
occl: 0
lock: 0
posv: 0.000000 0.000000 0.000000 0.000000
