setid: 9
volid: 10
frameid: 570
name: 09010000570
num: 2
label: person
pos: 156.336584 161.666892 13.913043 33.692236
occl: 1
lock: 0
posv: 160.114080 161.666892 1.000000 31.407616
label: person
pos: 487.214180 153.790842 17.004831 41.423213
occl: 1
lock: 0
posv: 488.320366 158.516823 14.995001 14.592013
