setid: 9
volid: 10
frameid: 1560
name: 09010001560
num: 1
label: person
pos: 108.645808 174.403083 23.449210 40.593194
occl: 1
lock: 0
posv: 112.391640 174.851112 15.947860 40.145164
