setid: 10
volid: 4
frameid: 1800
name: 10004001800
num: 1
label: person
pos: 575.316425 198.208724 16.283319 37.724638
occl: 0
lock: 0
posv: 0.000000 0.000000 0.000000 0.000000
