setid: 10
volid: 7
frameid: 1050
name: 10007001050
num: 1
label: person?
pos: 159.706441 207.797641 10.731439 23.230181
occl: 0
lock: 0
posv: 0.000000 0.000000 0.000000 0.000000
