setid: 10
volid: 8
frameid: 1440
name: 10008001440
num: 3
label: people
pos: 604.876261 198.946602 33.533314 41.941748
occl: 0
lock: 0
posv: 0.000000 0.000000 0.000000 0.000000
label: person?
pos: 518.733581 193.156831 18.640777 31.067961
occl: 0
lock: 0
posv: 0.000000 0.000000 0.000000 0.000000
label: person
pos: 77.027223 193.967008 17.864078 34.494157
occl: 1
lock: 0
posv: 84.388617 193.967008 4.344202 33.952474
