setid: 10
volid: 1
frameid: 630
name: 10001000630
num: 2
label: person
pos: 338.699925 198.895861 15.865450 31.900577
occl: 1
lock: 0
posv: 338.699925 198.895861 15.865450 19.931436
label: person
pos: 355.050636 200.736326 13.818817 28.912900
occl: 0
lock: 0
posv: 0.000000 0.000000 0.000000 0.000000
