setid: 10
volid: 3
frameid: 1470
name: 10003001470
num: 2
label: person
pos: 174.676352 165.387687 11.122503 25.318235
occl: 1
lock: 0
posv: 177.724954 165.655083 5.164991 17.197526
label: person
pos: 165.613078 164.514138 10.416795 26.314933
occl: 0
lock: 1
posv: 0.000000 0.000000 0.000000 0.000000
