setid: 10
volid: 5
frameid: 1770
name: 10005001770
num: 1
label: person
pos: 372.272521 181.601449 13.140097 33.430094
occl: 0
lock: 0
posv: 0.000000 0.000000 0.000000 0.000000
