setid: 10
volid: 8
frameid: 1110
name: 10008001110
num: 2
label: people
pos: 83.191795 188.943175 24.854369 34.951456
occl: 0
lock: 0
posv: 0.000000 0.000000 0.000000 0.000000
label: person?
pos: 518.641062 192.688273 18.640777 31.067961
occl: 0
lock: 0
posv: 0.000000 0.000000 0.000000 0.000000
