setid: 10
volid: 9
frameid: 630
name: 10009000630
num: 6
label: person
pos: 419.506898 173.376137 21.099957 58.668344
occl: 0
lock: 0
posv: 0.000000 0.000000 0.000000 0.000000
label: person
pos: 325.494465 166.681471 25.123441 72.676962
occl: 0
lock: 0
posv: 0.000000 0.000000 0.000000 0.000000
label: person
pos: 286.884313 180.827493 22.913516 65.250426
occl: 0
lock: 0
posv: 0.000000 0.000000 0.000000 0.000000
label: person
pos: 264.797638 188.374397 19.730565 52.504050
occl: 0
lock: 0
posv: 0.000000 0.000000 0.000000 0.000000
label: person
pos: 438.834816 171.162233 22.548891 59.118446
occl: 0
lock: 1
posv: 0.000000 0.000000 0.000000 0.000000
label: person
pos: 413.863329 170.032473 25.902257 57.125248
occl: 1
lock: 0
posv: 429.833852 170.347268 1.017946 47.655743
