setid: 10
volid: 9
frameid: 360
name: 10009000360
num: 2
label: people
pos: 344.526712 188.884326 20.160083 22.415459
occl: 0
lock: 0
posv: 0.000000 0.000000 0.000000 0.000000
label: person
pos: 581.079710 163.299091 25.314010 74.785450
occl: 0
lock: 0
posv: 0.000000 0.000000 0.000000 0.000000
