setid: 10
volid: 0
frameid: 630
name: 10000000630
num: 1
label: person
pos: 242.501279 218.673860 13.710613 35.744365
occl: 0
lock: 0
posv: 0.000000 0.000000 0.000000 0.000000
