setid: 10
volid: 6
frameid: 1320
name: 10006001320
num: 1
label: person
pos: 547.205314 170.611679 24.115942 73.598465
occl: 0
lock: 0
posv: 0.000000 0.000000 0.000000 0.000000
