setid: 10
volid: 8
frameid: 1530
name: 10008001530
num: 4
label: people
pos: 604.876261 209.456406 33.533314 41.941748
occl: 0
lock: 0
posv: 0.000000 0.000000 0.000000 0.000000
label: person?
pos: 518.354559 203.555397 18.640777 31.067961
occl: 0
lock: 0
posv: 0.000000 0.000000 0.000000 0.000000
label: person
pos: 96.125277 191.461071 35.554044 76.687293
occl: 1
lock: 0
posv: 96.125277 191.461071 33.050491 76.687293
label: person
pos: 37.566822 205.105654 9.537371 36.970303
occl: 0
lock: 0
posv: 0.000000 0.000000 0.000000 0.000000
