setid: 10
volid: 6
frameid: 660
name: 10006000660
num: 2
label: people
pos: 393.698068 186.934783 34.963626 42.666667
occl: 0
lock: 0
posv: 0.000000 0.000000 0.000000 0.000000
label: person
pos: 361.342417 185.755186 13.826182 31.990054
occl: 0
lock: 0
posv: 0.000000 0.000000 0.000000 0.000000
