setid: 10
volid: 4
frameid: 1830
name: 10004001830
num: 1
label: person
pos: 576.646348 197.671640 16.283319 37.724638
occl: 0
lock: 1
posv: 0.000000 0.000000 0.000000 0.000000
