setid: 10
volid: 1
frameid: 1170
name: 10001001170
num: 3
label: person
pos: 375.801579 192.287880 20.069023 52.784268
occl: 1
lock: 0
posv: 375.844467 192.287880 16.043837 22.738418
label: person
pos: 354.916147 187.824719 22.038615 63.244667
occl: 1
lock: 0
posv: 356.058655 188.811156 19.298549 27.720737
label: person
pos: 345.010808 191.234968 17.004831 35.568414
occl: 1
lock: 1
posv: 346.749476 191.234968 12.922714 33.862138
