setid: 10
volid: 8
frameid: 420
name: 10008000420
num: 1
label: person
pos: 385.976270 176.099322 15.962890 36.327645
occl: 0
lock: 0
posv: 0.000000 0.000000 0.000000 0.000000
