setid: 10
volid: 1
frameid: 420
name: 10001000420
num: 2
label: person
pos: 419.437168 185.812208 28.765217 68.718766
occl: 0
lock: 1
posv: 0.000000 0.000000 0.000000 0.000000
label: person
pos: 35.723627 225.501567 15.458937 36.454378
occl: 1
lock: 0
posv: 45.614571 225.501567 1.223008 36.301966
