setid: 10
volid: 8
frameid: 1620
name: 10008001620
num: 3
label: people
pos: 607.083320 201.285033 33.416680 41.941748
occl: 0
lock: 0
posv: 0.000000 0.000000 0.000000 0.000000
label: person?
pos: 516.857233 200.560745 18.640777 31.067961
occl: 1
lock: 0
posv: 526.631043 200.560745 1.000000 31.067961
label: person
pos: 2.030554 197.393204 9.320388 37.281553
occl: 1
lock: 0
posv: 3.075313 197.393204 1.256368 37.281553
