setid: 10
volid: 0
frameid: 210
name: 10000000210
num: 1
label: people
pos: 103.743361 185.862298 32.366757 55.804486
occl: 0
lock: 0
posv: 0.000000 0.000000 0.000000 0.000000
