setid: 10
volid: 0
frameid: 180
name: 10000000180
num: 1
label: people
pos: 70.195151 197.357566 26.997306 45.599849
occl: 0
lock: 0
posv: 0.000000 0.000000 0.000000 0.000000
