setid: 10
volid: 0
frameid: 660
name: 10000000660
num: 1
label: person
pos: 394.945321 197.898577 21.876119 37.110155
occl: 0
lock: 0
posv: 0.000000 0.000000 0.000000 0.000000
