setid: 10
volid: 8
frameid: 1470
name: 10008001470
num: 3
label: people
pos: 604.692340 200.050131 33.533314 41.941748
occl: 0
lock: 0
posv: 0.000000 0.000000 0.000000 0.000000
label: person?
pos: 519.780921 196.563852 14.177514 31.736797
occl: 0
lock: 0
posv: 0.000000 0.000000 0.000000 0.000000
label: person
pos: 72.174281 195.364839 14.863411 34.174757
occl: 1
lock: 0
posv: 72.174281 195.364839 14.863411 34.174757
