setid: 10
volid: 9
frameid: 1500
name: 10009001500
num: 1
label: person
pos: 61.656054 202.997287 11.650485 16.057872
occl: 0
lock: 0
posv: 0.000000 0.000000 0.000000 0.000000
