setid: 10
volid: 6
frameid: 1290
name: 10006001290
num: 1
label: person
pos: 451.205314 174.167235 19.014493 46.545325
occl: 0
lock: 0
posv: 0.000000 0.000000 0.000000 0.000000
