setid: 10
volid: 0
frameid: 1410
name: 10000001410
num: 2
label: person
pos: 611.993528 165.077860 26.164097 59.616505
occl: 0
lock: 0
posv: 0.000000 0.000000 0.000000 0.000000
label: person
pos: 199.869845 182.478968 11.998935 32.071391
occl: 0
lock: 0
posv: 0.000000 0.000000 0.000000 0.000000
