setid: 10
volid: 5
frameid: 510
name: 10005000510
num: 1
label: person?
pos: 500.596618 172.594557 21.431671 57.033648
occl: 1
lock: 1
posv: 502.906854 172.621635 15.571350 45.390482
