setid: 10
volid: 9
frameid: 960
name: 10009000960
num: 2
label: person?
pos: 41.276699 169.043689 15.533981 24.077670
occl: 0
lock: 0
posv: 0.000000 0.000000 0.000000 0.000000
label: person
pos: 355.537260 166.487012 12.212560 22.812033
occl: 0
lock: 0
posv: 0.000000 0.000000 0.000000 0.000000
