setid: 10
volid: 9
frameid: 1710
name: 10009001710
num: 2
label: people
pos: 225.329361 180.352220 54.373501 48.155340
occl: 0
lock: 0
posv: 0.000000 0.000000 0.000000 0.000000
label: person
pos: 393.166476 176.178279 26.407767 61.991053
occl: 0
lock: 0
posv: 0.000000 0.000000 0.000000 0.000000
