setid: 10
volid: 9
frameid: 210
name: 10009000210
num: 3
label: person
pos: 594.077524 162.899613 31.661262 101.254696
occl: 1
lock: 0
posv: 594.857004 162.899613 30.103039 93.860899
label: person
pos: 231.956311 196.028096 12.992056 20.970874
occl: 0
lock: 0
posv: 0.000000 0.000000 0.000000 0.000000
label: person
pos: 379.099034 187.746377 13.768116 30.144928
occl: 0
lock: 0
posv: 0.000000 0.000000 0.000000 0.000000
