setid: 10
volid: 9
frameid: 240
name: 10009000240
num: 5
label: people
pos: 299.816378 191.871412 11.644691 22.415459
occl: 0
lock: 0
posv: 0.000000 0.000000 0.000000 0.000000
label: person
pos: 411.448590 187.287700 10.628334 31.076122
occl: 0
lock: 0
posv: 0.000000 0.000000 0.000000 0.000000
label: person
pos: 221.156958 195.137540 13.980583 20.970874
occl: 0
lock: 0
posv: 0.000000 0.000000 0.000000 0.000000
label: person
pos: 130.516235 196.200779 13.502300 29.620229
occl: 1
lock: 0
posv: 131.572656 196.200779 12.445880 16.116691
label: person
pos: 398.679454 184.847826 12.051719 30.821256
occl: 0
lock: 0
posv: 0.000000 0.000000 0.000000 0.000000
