setid: 10
volid: 6
frameid: 540
name: 10006000540
num: 1
label: people
pos: 244.851047 191.465539 23.310505 27.388084
occl: 0
lock: 0
posv: 0.000000 0.000000 0.000000 0.000000
