setid: 10
volid: 9
frameid: 780
name: 10009000780
num: 4
label: people
pos: 441.595008 194.380837 46.376812 35.813205
occl: 0
lock: 0
posv: 0.000000 0.000000 0.000000 0.000000
label: person
pos: 196.495275 205.079966 10.511041 23.300971
occl: 0
lock: 0
posv: 0.000000 0.000000 0.000000 0.000000
label: person
pos: 510.210963 195.637558 15.056116 41.346711
occl: 0
lock: 0
posv: 0.000000 0.000000 0.000000 0.000000
label: person
pos: 486.527548 199.550371 14.479871 34.283834
occl: 0
lock: 0
posv: 0.000000 0.000000 0.000000 0.000000
