setid: 10
volid: 0
frameid: 240
name: 10000000240
num: 1
label: people
pos: 153.452905 176.791126 35.082543 61.294889
occl: 0
lock: 0
posv: 0.000000 0.000000 0.000000 0.000000
