setid: 10
volid: 2
frameid: 1500
name: 10002001500
num: 1
label: person
pos: 277.303267 197.638070 16.827423 36.748010
occl: 1
lock: 0
posv: 285.645890 197.810716 1.000000 31.040547
