setid: 10
volid: 9
frameid: 510
name: 10009000510
num: 6
label: person
pos: 549.385299 151.542369 13.436246 43.981864
occl: 1
lock: 0
posv: 559.232359 155.728129 1.057141 31.167508
label: person
pos: 373.399198 156.877027 19.890499 52.611916
occl: 0
lock: 0
posv: 0.000000 0.000000 0.000000 0.000000
label: person
pos: 347.494266 166.051945 17.467767 45.589085
occl: 0
lock: 0
posv: 0.000000 0.000000 0.000000 0.000000
label: person
pos: 327.113121 167.657573 16.910060 41.576300
occl: 0
lock: 0
posv: 0.000000 0.000000 0.000000 0.000000
label: person
pos: 558.622534 152.483518 13.386571 42.875620
occl: 1
lock: 0
posv: 559.646294 153.672174 12.362811 41.686964
label: person
pos: 266.214988 164.692029 24.820233 45.508921
occl: 1
lock: 1
posv: 273.026690 165.210429 16.611702 43.544295
