setid: 10
volid: 8
frameid: 990
name: 10008000990
num: 2
label: people
pos: 606.105178 182.111650 26.407767 42.718447
occl: 0
lock: 0
posv: 0.000000 0.000000 0.000000 0.000000
label: person?
pos: 520.111650 178.597087 18.640777 31.067961
occl: 1
lock: 0
posv: 520.111650 178.597087 18.640777 31.067961
