setid: 10
volid: 9
frameid: 900
name: 10009000900
num: 4
label: people
pos: 107.856193 190.156855 18.897375 21.311039
occl: 0
lock: 0
posv: 0.000000 0.000000 0.000000 0.000000
label: person
pos: 62.390919 186.994346 13.637445 26.165848
occl: 0
lock: 1
posv: 0.000000 0.000000 0.000000 0.000000
label: person?
pos: 143.753026 188.184886 13.754045 20.517799
occl: 0
lock: 0
posv: 0.000000 0.000000 0.000000 0.000000
label: person
pos: 614.070341 155.019892 29.539209 100.939045
occl: 0
lock: 1
posv: 0.000000 0.000000 0.000000 0.000000
