setid: 10
volid: 5
frameid: 450
name: 10005000450
num: 1
label: person?
pos: 400.012524 182.729712 15.870702 27.053140
occl: 0
lock: 0
posv: 0.000000 0.000000 0.000000 0.000000
