setid: 10
volid: 1
frameid: 360
name: 10001000360
num: 2
label: person
pos: 416.458209 176.465742 26.747417 62.887949
occl: 1
lock: 0
posv: 416.458209 176.465742 25.394448 29.251649
label: person
pos: 36.126883 215.152742 15.458937 36.328502
occl: 0
lock: 0
posv: 0.000000 0.000000 0.000000 0.000000
