setid: 10
volid: 4
frameid: 1740
name: 10004001740
num: 1
label: person
pos: 566.308649 197.937453 16.283319 37.724638
occl: 0
lock: 0
posv: 0.000000 0.000000 0.000000 0.000000
