setid: 10
volid: 9
frameid: 1650
name: 10009001650
num: 2
label: people
pos: 239.723301 179.452884 43.495146 48.155340
occl: 0
lock: 0
posv: 0.000000 0.000000 0.000000 0.000000
label: person
pos: 393.166476 176.178279 26.407767 61.991053
occl: 0
lock: 0
posv: 0.000000 0.000000 0.000000 0.000000
