setid: 10
volid: 9
frameid: 1770
name: 10009001770
num: 2
label: people
pos: 216.626604 182.615483 69.180989 48.155340
occl: 0
lock: 0
posv: 0.000000 0.000000 0.000000 0.000000
label: person
pos: 393.166476 176.178279 26.407767 63.887906
occl: 1
lock: 1
posv: 397.371558 176.178279 21.237989 63.887906
