setid: 10
volid: 9
frameid: 1830
name: 10009001830
num: 2
label: people
pos: 216.577670 182.169903 116.038835 61.359223
occl: 0
lock: 0
posv: 0.000000 0.000000 0.000000 0.000000
label: person
pos: 393.166476 176.178279 26.407767 67.027019
occl: 1
lock: 1
posv: 393.166476 176.178279 26.407767 25.760965
