setid: 10
volid: 0
frameid: 1560
name: 10000001560
num: 2
label: person
pos: 611.993528 165.077860 26.164097 59.616505
occl: 0
lock: 0
posv: 0.000000 0.000000 0.000000 0.000000
label: person
pos: 124.400676 183.301932 18.231764 28.196452
occl: 1
lock: 1
posv: 124.944444 190.695438 17.687996 0.277228
