setid: 10
volid: 2
frameid: 1620
name: 10002001620
num: 1
label: person
pos: 11.509115 164.487369 26.341450 83.767073
occl: 1
lock: 1
posv: 14.548670 164.487369 16.689392 26.426892
