setid: 10
volid: 8
frameid: 1770
name: 10008001770
num: 1
label: person?
pos: 525.200996 199.346722 18.640777 31.206543
occl: 0
lock: 0
posv: 0.000000 0.000000 0.000000 0.000000
