setid: 10
volid: 6
frameid: 1110
name: 10006001110
num: 3
label: person
pos: 145.122647 183.908395 9.017551 14.740404
occl: 0
lock: 0
posv: 0.000000 0.000000 0.000000 0.000000
label: person
pos: 411.321256 180.870134 17.527920 42.393151
occl: 0
lock: 0
posv: 0.000000 0.000000 0.000000 0.000000
label: person
pos: 133.723238 183.614428 8.502415 16.327624
occl: 0
lock: 0
posv: 0.000000 0.000000 0.000000 0.000000
