setid: 10
volid: 9
frameid: 120
name: 10009000120
num: 1
label: person
pos: 326.683575 194.123188 10.821256 19.323671
occl: 0
lock: 0
posv: 0.000000 0.000000 0.000000 0.000000
