setid: 10
volid: 6
frameid: 1500
name: 10006001500
num: 1
label: people
pos: 405.176329 181.391759 20.996419 32.463768
occl: 0
lock: 0
posv: 0.000000 0.000000 0.000000 0.000000
