setid: 10
volid: 5
frameid: 1530
name: 10005001530
num: 1
label: person
pos: 373.704425 185.623626 11.613932 32.151705
occl: 0
lock: 0
posv: 0.000000 0.000000 0.000000 0.000000
