setid: 10
volid: 5
frameid: 1740
name: 10005001740
num: 1
label: person
pos: 372.272521 181.601449 13.140097 33.430094
occl: 1
lock: 0
posv: 381.751274 187.646004 1.000000 16.230784
