setid: 10
volid: 8
frameid: 1410
name: 10008001410
num: 3
label: people
pos: 604.876261 198.946602 33.533314 41.941748
occl: 0
lock: 0
posv: 0.000000 0.000000 0.000000 0.000000
label: person?
pos: 518.641062 192.688273 18.640777 31.067961
occl: 0
lock: 0
posv: 0.000000 0.000000 0.000000 0.000000
label: person
pos: 84.708464 195.695741 12.876912 35.820329
occl: 0
lock: 0
posv: 0.000000 0.000000 0.000000 0.000000
