setid: 10
volid: 5
frameid: 570
name: 10005000570
num: 2
label: person
pos: 388.594737 183.733779 10.218380 25.519878
occl: 0
lock: 0
posv: 0.000000 0.000000 0.000000 0.000000
label: person
pos: 377.355438 172.722353 12.441034 25.209547
occl: 1
lock: 0
posv: 378.850228 172.722353 7.922717 24.734300
