setid: 10
volid: 5
frameid: 600
name: 10005000600
num: 2
label: person
pos: 423.050971 179.010188 14.188462 38.717568
occl: 0
lock: 0
posv: 0.000000 0.000000 0.000000 0.000000
label: person
pos: 403.816005 172.278807 12.750376 27.170462
occl: 0
lock: 0
posv: 0.000000 0.000000 0.000000 0.000000
