setid: 10
volid: 4
frameid: 1470
name: 10004001470
num: 1
label: person
pos: 534.897865 199.305169 13.140097 33.499858
occl: 0
lock: 0
posv: 0.000000 0.000000 0.000000 0.000000
