setid: 10
volid: 0
frameid: 960
name: 10000000960
num: 2
label: person
pos: 615.633352 158.558252 22.524272 58.436085
occl: 0
lock: 0
posv: 0.000000 0.000000 0.000000 0.000000
label: person
pos: 81.013006 178.359754 16.996407 37.671235
occl: 0
lock: 0
posv: 0.000000 0.000000 0.000000 0.000000
