setid: 10
volid: 0
frameid: 1770
name: 10000001770
num: 2
label: person
pos: 610.813535 168.920998 28.075766 73.040983
occl: 0
lock: 0
posv: 0.000000 0.000000 0.000000 0.000000
label: person
pos: 82.106250 190.390021 15.212118 32.624460
occl: 0
lock: 0
posv: 0.000000 0.000000 0.000000 0.000000
