setid: 10
volid: 1
frameid: 1230
name: 10001001230
num: 3
label: person
pos: 322.288198 197.110914 27.991088 58.462602
occl: 1
lock: 0
posv: 339.642672 201.732084 1.000000 51.873650
label: person
pos: 291.282609 190.250774 29.519808 66.814074
occl: 1
lock: 0
posv: 314.332552 191.477608 1.039604 65.587241
label: person
pos: 341.314805 192.551145 19.472391 42.132658
occl: 1
lock: 0
posv: 358.977853 193.102899 1.048405 35.555556
