setid: 10
volid: 6
frameid: 1560
name: 10006001560
num: 1
label: people
pos: 477.170915 182.179184 28.837170 48.432509
occl: 0
lock: 0
posv: 0.000000 0.000000 0.000000 0.000000
