setid: 10
volid: 2
frameid: 960
name: 10002000960
num: 1
label: person
pos: 41.383490 172.191674 24.161409 53.769821
occl: 0
lock: 0
posv: 0.000000 0.000000 0.000000 0.000000
