setid: 10
volid: 0
frameid: 300
name: 10000000300
num: 1
label: people
pos: 354.390783 179.470940 32.863280 55.910441
occl: 0
lock: 0
posv: 0.000000 0.000000 0.000000 0.000000
