setid: 10
volid: 8
frameid: 1800
name: 10008001800
num: 1
label: person?
pos: 525.714163 200.410527 18.640777 31.067961
occl: 0
lock: 0
posv: 0.000000 0.000000 0.000000 0.000000
