setid: 10
volid: 5
frameid: 690
name: 10005000690
num: 1
label: person-fa
pos: 485.338875 171.900966 16.455811 39.652174
occl: 1
lock: 0
posv: 497.393192 171.900966 1.000000 39.652174
