setid: 10
volid: 2
frameid: 1440
name: 10002001440
num: 1
label: person
pos: 347.724564 204.626956 15.458937 36.328502
occl: 0
lock: 0
posv: 0.000000 0.000000 0.000000 0.000000
