setid: 10
volid: 8
frameid: 540
name: 10008000540
num: 1
label: person
pos: 481.432921 185.136863 24.601995 62.158587
occl: 1
lock: 0
posv: 483.345893 185.136863 21.322055 22.460781
