setid: 10
volid: 9
frameid: 1470
name: 10009001470
num: 2
label: person
pos: 61.082524 201.276699 11.650485 18.539654
occl: 0
lock: 0
posv: 0.000000 0.000000 0.000000 0.000000
label: person
pos: 85.160194 201.614411 12.595945 19.417476
occl: 0
lock: 0
posv: 0.000000 0.000000 0.000000 0.000000
