setid: 10
volid: 1
frameid: 1500
name: 10001001500
num: 2
label: person
pos: 385.370747 163.808090 30.082991 74.365577
occl: 1
lock: 0
posv: 385.370747 165.098816 30.082991 28.049234
label: person
pos: 438.170732 165.116628 24.631876 55.011125
occl: 1
lock: 0
posv: 452.610431 165.434236 1.000000 27.743813
