setid: 10
volid: 0
frameid: 1050
name: 10000001050
num: 2
label: person
pos: 615.633352 160.391978 22.524272 59.645524
occl: 1
lock: 1
posv: 615.845942 160.391978 22.311682 18.946692
label: person
pos: 116.262734 179.740807 17.091381 34.603698
occl: 1
lock: 0
posv: 132.354115 179.890007 1.000000 23.362268
