setid: 10
volid: 9
frameid: 90
name: 10009000090
num: 1
label: person
pos: 324.088459 193.659420 10.821256 19.323671
occl: 1
lock: 0
posv: 324.088459 193.659420 10.821256 19.323671
