setid: 10
volid: 8
frameid: 60
name: 10008000060
num: 3
label: person
pos: 556.250237 141.326797 37.645703 106.481458
occl: 0
lock: 0
posv: 0.000000 0.000000 0.000000 0.000000
label: person
pos: 407.440608 161.401392 23.590793 74.306337
occl: 1
lock: 0
posv: 409.736975 161.401392 19.772086 74.306337
label: person
pos: 344.377664 162.432367 36.721370 72.657005
occl: 0
lock: 0
posv: 0.000000 0.000000 0.000000 0.000000
