setid: 10
volid: 9
frameid: 1020
name: 10009001020
num: 3
label: person
pos: 361.831794 155.352491 11.718786 28.716921
occl: 0
lock: 1
posv: 0.000000 0.000000 0.000000 0.000000
label: person
pos: 353.582318 153.750253 0.475248 29.809984
occl: 0
lock: 1
posv: 0.000000 0.000000 0.000000 0.000000
label: person
pos: 421.655005 152.139780 16.219473 30.446778
occl: 1
lock: 1
posv: 422.620992 152.309760 15.253486 12.671908
