setid: 10
volid: 1
frameid: 780
name: 10001000780
num: 2
label: person
pos: 321.993720 194.549705 12.241081 26.149003
occl: 1
lock: 0
posv: 321.993720 194.549705 12.241081 26.149003
label: person
pos: 327.389628 194.271529 13.960508 28.725320
occl: 1
lock: 0
posv: 327.802507 194.336669 13.547629 26.213941
