setid: 10
volid: 0
frameid: 1800
name: 10000001800
num: 2
label: people
pos: 243.939614 186.750048 55.188406 20.938357
occl: 0
lock: 0
posv: 0.000000 0.000000 0.000000 0.000000
label: person
pos: 60.669505 187.797111 16.501050 38.295829
occl: 0
lock: 0
posv: 0.000000 0.000000 0.000000 0.000000
