setid: 10
volid: 7
frameid: 1140
name: 10007001140
num: 2
label: person
pos: 138.275220 208.273941 16.650055 33.017209
occl: 0
lock: 0
posv: 0.000000 0.000000 0.000000 0.000000
label: person
pos: 164.525575 206.665246 13.913043 30.635124
occl: 0
lock: 0
posv: 0.000000 0.000000 0.000000 0.000000
