setid: 10
volid: 4
frameid: 1410
name: 10004001410
num: 1
label: person
pos: 526.835473 198.593734 13.140097 33.499858
occl: 0
lock: 0
posv: 0.000000 0.000000 0.000000 0.000000
