setid: 10
volid: 9
frameid: 750
name: 10009000750
num: 3
label: people
pos: 81.719299 207.976353 81.159420 41.739130
occl: 0
lock: 0
posv: 0.000000 0.000000 0.000000 0.000000
label: person
pos: 8.123188 214.219807 13.913043 42.512077
occl: 0
lock: 1
posv: 0.000000 0.000000 0.000000 0.000000
label: person
pos: 21.647201 215.157857 16.727195 40.028133
occl: 0
lock: 0
posv: 0.000000 0.000000 0.000000 0.000000
