setid: 10
volid: 9
frameid: 1740
name: 10009001740
num: 2
label: people
pos: 222.754832 182.002299 57.174918 48.155340
occl: 0
lock: 0
posv: 0.000000 0.000000 0.000000 0.000000
label: person
pos: 393.166476 176.178279 26.407767 61.932236
occl: 0
lock: 0
posv: 0.000000 0.000000 0.000000 0.000000
