setid: 10
volid: 1
frameid: 1110
name: 10001001110
num: 4
label: person
pos: 350.695560 188.539938 13.408033 27.264553
occl: 1
lock: 0
posv: 350.695560 188.539938 13.089465 16.870405
label: person
pos: 379.855186 191.414521 24.016347 54.849020
occl: 0
lock: 0
posv: 0.000000 0.000000 0.000000 0.000000
label: person
pos: 365.815447 186.048890 18.068516 56.044255
occl: 0
lock: 0
posv: 0.000000 0.000000 0.000000 0.000000
label: person
pos: 342.568296 191.031401 17.090086 38.213242
occl: 1
lock: 0
posv: 346.333457 191.031401 13.229943 33.551328
