setid: 10
volid: 9
frameid: 1230
name: 10009001230
num: 3
label: person
pos: 76.439585 194.305447 22.101876 48.341539
occl: 1
lock: 0
posv: 93.265501 194.305447 1.034653 48.341539
label: person
pos: 256.524103 188.034813 14.351550 32.175418
occl: 1
lock: 1
posv: 262.360033 188.034813 0.277228 17.253295
label: person
pos: 174.957439 191.294499 25.945840 49.102203
occl: 1
lock: 1
posv: 187.207984 191.294499 0.762376 48.424371
