setid: 10
volid: 9
frameid: 540
name: 10009000540
num: 6
label: person
pos: 547.129056 162.009269 14.910391 48.121294
occl: 0
lock: 0
posv: 0.000000 0.000000 0.000000 0.000000
label: person
pos: 388.089357 163.262212 22.241685 51.670189
occl: 1
lock: 0
posv: 396.012345 163.783794 1.000000 28.017713
label: person
pos: 357.296505 171.946074 17.578174 41.801162
occl: 1
lock: 1
posv: 358.116539 172.891862 12.907070 12.334567
label: person
pos: 338.023330 175.862528 18.307064 47.015304
occl: 1
lock: 0
posv: 349.146356 176.544643 1.000000 40.360376
label: person
pos: 559.637831 159.405326 17.143347 25.846692
occl: 0
lock: 1
posv: 0.000000 0.000000 0.000000 0.000000
label: person
pos: 333.855045 167.857840 21.964163 45.303997
occl: 1
lock: 1
posv: 351.886276 168.574252 0.654435 40.982831
