setid: 10
volid: 8
frameid: 450
name: 10008000450
num: 1
label: person
pos: 392.372143 187.317625 17.952008 40.620178
occl: 1
lock: 0
posv: 394.096943 189.356753 12.828187 20.231479
