setid: 10
volid: 1
frameid: 1560
name: 10001001560
num: 2
label: person
pos: 516.125569 125.528850 65.683932 189.836776
occl: 1
lock: 1
posv: 516.125569 125.709008 49.632736 158.848963
label: person
pos: 534.083684 147.689303 33.028186 85.680662
occl: 1
lock: 1
posv: 555.643222 154.093653 1.129045 56.384187
