setid: 10
volid: 1
frameid: 960
name: 10001000960
num: 4
label: person
pos: 321.832807 194.502415 13.731884 26.077498
occl: 1
lock: 0
posv: 322.045894 194.502415 13.518798 20.490338
label: person
pos: 452.901717 188.233659 25.718951 51.246400
occl: 1
lock: 0
posv: 464.669246 189.674119 1.000000 28.234376
label: person
pos: 466.393578 178.337170 20.869565 58.743961
occl: 1
lock: 0
posv: 480.347225 180.947162 1.000000 42.452593
label: person
pos: 332.404599 192.611415 18.523160 37.403229
occl: 1
lock: 0
posv: 332.809179 192.712560 14.763285 24.676329
