setid: 10
volid: 4
frameid: 1500
name: 10004001500
num: 1
label: person
pos: 539.936132 196.381414 13.140097 33.499858
occl: 0
lock: 0
posv: 0.000000 0.000000 0.000000 0.000000
