setid: 10
volid: 9
frameid: 1080
name: 10009001080
num: 4
label: people
pos: 177.967766 166.988105 25.631068 23.761237
occl: 0
lock: 0
posv: 0.000000 0.000000 0.000000 0.000000
label: person
pos: 233.805053 162.411449 17.105474 39.213450
occl: 1
lock: 1
posv: 241.176238 162.411449 0.869671 39.213450
label: person
pos: 223.911014 157.850338 16.231884 42.530286
occl: 1
lock: 0
posv: 234.683223 158.042460 1.005625 42.338164
label: person
pos: 281.913880 162.334062 21.734935 40.809535
occl: 1
lock: 0
posv: 281.913880 162.334062 16.826486 40.025266
