setid: 10
volid: 6
frameid: 1260
name: 10006001260
num: 3
label: person
pos: 15.929724 204.070787 12.978204 21.462745
occl: 0
lock: 0
posv: 0.000000 0.000000 0.000000 0.000000
label: person
pos: 410.393720 173.597272 18.550725 38.242593
occl: 1
lock: 1
posv: 410.393720 173.597272 17.245659 26.428884
label: person
pos: 5.553257 200.270780 13.345979 27.167661
occl: 0
lock: 0
posv: 0.000000 0.000000 0.000000 0.000000
