setid: 10
volid: 9
frameid: 390
name: 10009000390
num: 2
label: person
pos: 364.802882 183.354324 11.577289 26.175532
occl: 1
lock: 0
posv: 364.802882 183.354324 11.577289 15.133972
label: person
pos: 156.196124 186.896135 13.820486 29.682752
occl: 0
lock: 0
posv: 0.000000 0.000000 0.000000 0.000000
