setid: 10
volid: 6
frameid: 720
name: 10006000720
num: 2
label: people
pos: 556.557971 162.569338 72.811594 113.795396
occl: 0
lock: 0
posv: 0.000000 0.000000 0.000000 0.000000
label: person
pos: 405.401819 189.356493 15.609264 39.408568
occl: 0
lock: 1
posv: 0.000000 0.000000 0.000000 0.000000
