setid: 10
volid: 8
frameid: 1650
name: 10008001650
num: 1
label: person?
pos: 516.393775 199.633828 18.640777 28.157743
occl: 0
lock: 1
posv: 0.000000 0.000000 0.000000 0.000000
