setid: 10
volid: 0
frameid: 1140
name: 10000001140
num: 2
label: person
pos: 615.999689 164.084364 22.524272 23.007482
occl: 0
lock: 1
posv: 0.000000 0.000000 0.000000 0.000000
label: person
pos: 176.740844 183.120592 15.678759 30.317916
occl: 1
lock: 0
posv: 189.581782 183.120592 1.000000 29.041803
