setid: 10
volid: 8
frameid: 900
name: 10008000900
num: 1
label: person
pos: 147.461523 173.127842 15.572819 33.101390
occl: 1
lock: 0
posv: 161.708163 173.127842 1.000000 33.101390
