setid: 10
volid: 5
frameid: 630
name: 10005000630
num: 2
label: person
pos: 509.230000 174.534942 19.927306 59.321968
occl: 0
lock: 0
posv: 0.000000 0.000000 0.000000 0.000000
label: person
pos: 449.254192 168.584663 17.051151 38.486847
occl: 0
lock: 0
posv: 0.000000 0.000000 0.000000 0.000000
