setid: 10
volid: 8
frameid: 660
name: 10008000660
num: 1
label: people
pos: 259.296117 192.998572 27.184466 32.821816
occl: 0
lock: 0
posv: 0.000000 0.000000 0.000000 0.000000
