setid: 10
volid: 8
frameid: 1260
name: 10008001260
num: 4
label: people
pos: 77.071864 192.049971 35.095850 34.951456
occl: 0
lock: 0
posv: 0.000000 0.000000 0.000000 0.000000
label: people
pos: 612.527299 199.077974 26.407767 41.941748
occl: 0
lock: 0
posv: 0.000000 0.000000 0.000000 0.000000
label: person?
pos: 518.641062 192.688273 18.640777 31.067961
occl: 0
lock: 0
posv: 0.000000 0.000000 0.000000 0.000000
label: person
pos: 17.703979 195.550189 14.757282 38.169209
occl: 1
lock: 0
posv: 20.521867 195.550189 1.016986 38.058252
