setid: 10
volid: 1
frameid: 480
name: 10001000480
num: 2
label: person
pos: 485.910628 165.984939 37.874396 102.341148
occl: 0
lock: 1
posv: 0.000000 0.000000 0.000000 0.000000
label: person
pos: 25.140421 223.811626 15.458937 36.328502
occl: 0
lock: 0
posv: 0.000000 0.000000 0.000000 0.000000
