setid: 10
volid: 8
frameid: 1200
name: 10008001200
num: 3
label: people
pos: 78.169903 191.981344 35.095850 34.951456
occl: 0
lock: 0
posv: 0.000000 0.000000 0.000000 0.000000
label: person?
pos: 518.641062 192.688273 18.640777 31.067961
occl: 0
lock: 0
posv: 0.000000 0.000000 0.000000 0.000000
label: person
pos: 35.210737 196.586728 14.757282 38.446853
occl: 1
lock: 0
posv: 45.348633 196.586728 1.144365 38.058252
