setid: 10
volid: 2
frameid: 240
name: 10002000240
num: 1
label: person-fa
pos: 334.823598 172.988006 29.629630 55.480408
occl: 0
lock: 0
posv: 0.000000 0.000000 0.000000 0.000000
