setid: 10
volid: 9
frameid: 1590
name: 10009001590
num: 5
label: person
pos: 224.189320 119.723301 184.630925 354.174757
occl: 1
lock: 1
posv: 224.189320 119.723301 184.630925 354.174757
label: person
pos: 390.868331 175.831380 27.019674 60.741411
occl: 1
lock: 0
posv: 409.931235 175.831380 1.146955 59.964471
label: person
pos: 410.120492 123.750563 115.769867 352.825121
occl: 1
lock: 0
posv: 410.120492 123.750563 115.769867 352.825121
label: person
pos: 383.258368 149.116571 71.936301 250.504592
occl: 1
lock: 0
posv: 420.960430 149.116571 3.362032 212.028494
label: person
pos: 397.334152 114.902702 71.626319 333.835475
occl: 1
lock: 0
posv: 455.398184 114.902702 5.143977 324.975728
