setid: 10
volid: 9
frameid: 570
name: 10009000570
num: 6
label: person
pos: 513.925815 164.284783 16.733789 50.335556
occl: 1
lock: 0
posv: 522.686465 164.346475 1.117263 47.373090
label: person
pos: 382.898881 166.230912 23.554157 61.826232
occl: 1
lock: 0
posv: 389.607254 166.230912 1.000000 35.284320
label: person
pos: 339.170044 175.800770 17.456398 47.789954
occl: 1
lock: 0
posv: 355.523699 175.800770 1.102743 42.557060
label: person
pos: 324.638986 180.166472 20.763056 54.150322
occl: 1
lock: 0
posv: 341.916092 180.224407 1.000000 31.400120
label: person
pos: 523.273058 162.745024 19.813468 58.800294
occl: 1
lock: 1
posv: 538.793494 162.745024 0.633663 39.842780
label: person
pos: 370.879660 164.859872 25.774806 52.829761
occl: 1
lock: 0
posv: 391.974922 168.864734 1.000000 31.426103
