setid: 10
volid: 8
frameid: 1590
name: 10008001590
num: 2
label: people
pos: 604.876261 207.485818 33.533314 41.941748
occl: 0
lock: 0
posv: 0.000000 0.000000 0.000000 0.000000
label: person?
pos: 517.926752 202.699782 18.640777 31.067961
occl: 1
lock: 0
posv: 526.685715 202.699782 1.000000 31.067961
