setid: 10
volid: 9
frameid: 1530
name: 10009001530
num: 2
label: person
pos: 64.396250 202.806111 11.650485 16.057872
occl: 0
lock: 1
posv: 0.000000 0.000000 0.000000 0.000000
label: person
pos: 1.276699 153.121359 48.155340 236.116505
occl: 1
lock: 1
posv: 1.276699 153.121359 48.155340 236.116505
