setid: 10
volid: 1
frameid: 390
name: 10001000390
num: 2
label: person
pos: 412.864740 179.748437 28.185865 67.797992
occl: 1
lock: 0
posv: 413.586957 181.353211 26.487923 31.535178
label: person
pos: 36.126883 218.905683 15.458937 36.328502
occl: 0
lock: 0
posv: 0.000000 0.000000 0.000000 0.000000
