setid: 10
volid: 0
frameid: 1680
name: 10000001680
num: 2
label: person
pos: 603.424900 165.916096 26.164097 59.616505
occl: 0
lock: 0
posv: 0.000000 0.000000 0.000000 0.000000
label: person
pos: 111.906051 182.081490 15.134309 32.317519
occl: 0
lock: 0
posv: 0.000000 0.000000 0.000000 0.000000
