setid: 10
volid: 8
frameid: 1230
name: 10008001230
num: 3
label: people
pos: 78.169903 191.569579 35.095850 34.951456
occl: 0
lock: 0
posv: 0.000000 0.000000 0.000000 0.000000
label: person?
pos: 518.641062 192.688273 18.640777 31.067961
occl: 0
lock: 0
posv: 0.000000 0.000000 0.000000 0.000000
label: person
pos: 24.072911 196.437845 14.757282 38.058252
occl: 1
lock: 1
posv: 36.585215 196.437845 0.603960 38.058252
