setid: 10
volid: 8
frameid: 750
name: 10008000750
num: 4
label: people
pos: 307.457929 190.752618 19.909385 42.368742
occl: 0
lock: 0
posv: 0.000000 0.000000 0.000000 0.000000
label: people
pos: 250.660910 186.714997 70.977799 44.753231
occl: 0
lock: 1
posv: 0.000000 0.000000 0.000000 0.000000
label: person
pos: 93.584686 195.981272 15.904151 36.660892
occl: 1
lock: 1
posv: 96.395630 195.981272 12.366599 15.762119
label: person
pos: 341.592644 188.741642 26.407767 41.294464
occl: 0
lock: 0
posv: 0.000000 0.000000 0.000000 0.000000
