setid: 10
volid: 1
frameid: 240
name: 10001000240
num: 2
label: person
pos: 426.737485 187.632947 20.638320 54.053646
occl: 1
lock: 1
posv: 427.773189 187.706860 18.181803 17.817758
label: person
pos: 29.191560 214.333532 15.458937 36.328502
occl: 0
lock: 1
posv: 0.000000 0.000000 0.000000 0.000000
