setid: 10
volid: 2
frameid: 1560
name: 10002001560
num: 1
label: person
pos: 190.408839 188.337765 20.055620 50.766435
occl: 1
lock: 0
posv: 191.646335 189.823623 15.863875 13.778434
