setid: 10
volid: 6
frameid: 1080
name: 10006001080
num: 3
label: person
pos: 172.348280 187.424092 10.821256 16.231884
occl: 0
lock: 0
posv: 0.000000 0.000000 0.000000 0.000000
label: person
pos: 396.366037 175.232642 15.977432 31.402979
occl: 1
lock: 0
posv: 396.974354 175.232642 12.728585 28.572454
label: person
pos: 166.753713 186.549129 8.502415 15.008491
occl: 0
lock: 0
posv: 0.000000 0.000000 0.000000 0.000000
