setid: 10
volid: 5
frameid: 480
name: 10005000480
num: 1
label: person?
pos: 432.807555 174.116876 16.778630 37.121565
occl: 0
lock: 0
posv: 0.000000 0.000000 0.000000 0.000000
