setid: 10
volid: 2
frameid: 990
name: 10002000990
num: 1
label: person
pos: 10.691248 174.672038 24.161409 53.769821
occl: 0
lock: 0
posv: 0.000000 0.000000 0.000000 0.000000
