setid: 10
volid: 1
frameid: 510
name: 10001000510
num: 3
label: person
pos: 564.751208 144.342427 49.082126 135.577863
occl: 0
lock: 0
posv: 0.000000 0.000000 0.000000 0.000000
label: person
pos: 458.736384 204.387668 15.458937 37.101449
occl: 0
lock: 0
posv: 0.000000 0.000000 0.000000 0.000000
label: person
pos: 10.999346 225.046860 15.458937 36.328502
occl: 0
lock: 0
posv: 0.000000 0.000000 0.000000 0.000000
