setid: 10
volid: 1
frameid: 180
name: 10001000180
num: 2
label: person
pos: 409.013584 184.146989 19.531650 47.749479
occl: 1
lock: 1
posv: 409.283865 184.153233 19.010625 16.399753
label: person
pos: 20.804537 214.162878 15.458937 36.328502
occl: 1
lock: 0
posv: 35.205962 214.162878 1.000000 36.328502
