setid: 10
volid: 8
frameid: 1500
name: 10008001500
num: 3
label: people
pos: 604.416457 204.858367 33.533314 41.941748
occl: 0
lock: 0
posv: 0.000000 0.000000 0.000000 0.000000
label: person?
pos: 519.612729 198.702456 18.640777 31.067961
occl: 0
lock: 0
posv: 0.000000 0.000000 0.000000 0.000000
label: person
pos: 150.050624 190.366124 31.478686 58.109874
occl: 1
lock: 1
posv: 152.404325 191.011480 28.049787 39.138333
