setid: 10
volid: 4
frameid: 1590
name: 10004001590
num: 1
label: person
pos: 547.979484 196.776400 14.663257 33.499858
occl: 0
lock: 0
posv: 0.000000 0.000000 0.000000 0.000000
