setid: 10
volid: 1
frameid: 1020
name: 10001001020
num: 4
label: person
pos: 320.066977 194.502415 13.851066 24.812532
occl: 1
lock: 0
posv: 322.045894 194.502415 11.872150 20.490338
label: person
pos: 434.717098 189.147492 20.948877 52.859496
occl: 0
lock: 0
posv: 0.000000 0.000000 0.000000 0.000000
label: person
pos: 414.835885 182.279435 20.265896 58.743961
occl: 1
lock: 0
posv: 414.835885 182.279435 19.139534 58.487970
label: person
pos: 336.467234 191.144823 18.005510 37.329387
occl: 1
lock: 0
posv: 336.813043 191.144823 17.051208 28.531989
