setid: 10
volid: 9
frameid: 840
name: 10009000840
num: 6
label: people
pos: 160.277255 195.958548 11.501515 20.970874
occl: 0
lock: 0
posv: 0.000000 0.000000 0.000000 0.000000
label: people
pos: 411.284392 181.236798 107.717225 47.735225
occl: 0
lock: 0
posv: 0.000000 0.000000 0.000000 0.000000
label: person
pos: 122.580320 193.722780 10.456526 25.343493
occl: 1
lock: 0
posv: 127.701616 193.722780 1.000000 24.123644
label: person
pos: 607.611147 179.218829 25.935676 65.594902
occl: 0
lock: 0
posv: 0.000000 0.000000 0.000000 0.000000
label: person
pos: 549.505151 183.489059 22.619089 55.416738
occl: 0
lock: 0
posv: 0.000000 0.000000 0.000000 0.000000
label: person
pos: 440.953396 181.010159 15.117791 47.922705
occl: 0
lock: 0
posv: 0.000000 0.000000 0.000000 0.000000
