setid: 10
volid: 9
frameid: 1410
name: 10009001410
num: 2
label: person
pos: 2.731106 196.925662 22.182197 50.237198
occl: 1
lock: 0
posv: 2.731106 196.925662 22.182197 50.237198
label: person
pos: 68.072816 203.606796 11.650485 19.417476
occl: 1
lock: 0
posv: 68.072816 203.606796 11.650485 19.417476
