setid: 10
volid: 8
frameid: 930
name: 10008000930
num: 1
label: person
pos: 122.115519 173.272869 15.865877 34.924564
occl: 0
lock: 0
posv: 0.000000 0.000000 0.000000 0.000000
