setid: 10
volid: 1
frameid: 1530
name: 10001001530
num: 2
label: person
pos: 413.503027 151.225202 41.121760 105.127012
occl: 1
lock: 0
posv: 417.916368 151.225202 36.708419 54.574059
label: person
pos: 470.104268 158.563450 26.135003 63.359603
occl: 1
lock: 0
posv: 470.104268 160.545146 23.468292 22.935501
