setid: 10
volid: 5
frameid: 660
name: 10005000660
num: 1
label: person
pos: 549.137859 157.587667 23.786836 59.723927
occl: 0
lock: 1
posv: 0.000000 0.000000 0.000000 0.000000
