setid: 10
volid: 4
frameid: 1650
name: 10004001650
num: 1
label: person
pos: 556.642086 196.792981 14.663257 33.499858
occl: 0
lock: 0
posv: 0.000000 0.000000 0.000000 0.000000
