setid: 10
volid: 1
frameid: 990
name: 10001000990
num: 4
label: person
pos: 319.981655 195.262992 13.731884 24.088690
occl: 1
lock: 0
posv: 322.045894 195.262992 11.667645 19.729762
label: person
pos: 449.278028 189.849622 18.945739 49.099403
occl: 0
lock: 0
posv: 0.000000 0.000000 0.000000 0.000000
label: person
pos: 443.042342 182.484228 24.109548 59.204746
occl: 1
lock: 1
posv: 456.592855 182.484228 1.000000 58.302544
label: person
pos: 333.151394 191.039455 19.389671 40.395987
occl: 1
lock: 0
posv: 334.838164 191.842995 15.922705 26.705314
