setid: 10
volid: 2
frameid: 1410
name: 10002001410
num: 1
label: person
pos: 375.338742 204.511561 15.458937 36.328502
occl: 0
lock: 0
posv: 0.000000 0.000000 0.000000 0.000000
