setid: 10
volid: 6
frameid: 1710
name: 10006001710
num: 1
label: person
pos: 437.987923 158.567633 53.333333 135.265700
occl: 0
lock: 1
posv: 0.000000 0.000000 0.000000 0.000000
