setid: 10
volid: 2
frameid: 180
name: 10002000180
num: 1
label: person-fa
pos: 296.017704 161.240229 26.537842 45.174450
occl: 0
lock: 0
posv: 0.000000 0.000000 0.000000 0.000000
