setid: 10
volid: 7
frameid: 600
name: 10007000600
num: 1
label: person?
pos: 101.244530 198.547172 18.550725 30.144928
occl: 0
lock: 0
posv: 0.000000 0.000000 0.000000 0.000000
