setid: 10
volid: 5
frameid: 1500
name: 10005001500
num: 1
label: person
pos: 373.210797 181.929595 13.140097 33.430094
occl: 1
lock: 1
posv: 373.210797 181.929595 13.140097 19.076433
