setid: 10
volid: 2
frameid: 1530
name: 10002001530
num: 1
label: person
pos: 245.746737 194.377252 17.988856 29.922336
occl: 1
lock: 0
posv: 256.274791 194.377252 1.000000 26.152618
