setid: 10
volid: 0
frameid: 1380
name: 10000001380
num: 2
label: person
pos: 611.993528 165.077860 26.164097 59.616505
occl: 0
lock: 0
posv: 0.000000 0.000000 0.000000 0.000000
label: person
pos: 208.109406 180.463409 11.979419 35.516414
occl: 0
lock: 1
posv: 0.000000 0.000000 0.000000 0.000000
