setid: 10
volid: 2
frameid: 690
name: 10002000690
num: 1
label: person
pos: 17.235351 177.083887 28.420332 66.151606
occl: 0
lock: 0
posv: 0.000000 0.000000 0.000000 0.000000
