setid: 10
volid: 0
frameid: 1470
name: 10000001470
num: 2
label: person
pos: 611.993528 165.077860 26.164097 59.616505
occl: 1
lock: 0
posv: 611.993528 172.648572 26.164097 1.000000
label: person
pos: 200.345228 180.809944 12.648187 34.336177
occl: 0
lock: 1
posv: 0.000000 0.000000 0.000000 0.000000
