setid: 10
volid: 9
frameid: 930
name: 10009000930
num: 2
label: people
pos: 51.310998 180.716457 22.746350 27.447819
occl: 0
lock: 0
posv: 0.000000 0.000000 0.000000 0.000000
label: person?
pos: 108.105099 181.803156 14.724919 22.459547
occl: 0
lock: 0
posv: 0.000000 0.000000 0.000000 0.000000
