setid: 10
volid: 8
frameid: 90
name: 10008000090
num: 2
label: person
pos: 430.413043 156.005655 38.849219 91.296277
occl: 0
lock: 0
posv: 0.000000 0.000000 0.000000 0.000000
label: person
pos: 389.907332 151.611111 31.075760 98.782609
occl: 0
lock: 0
posv: 0.000000 0.000000 0.000000 0.000000
