setid: 10
volid: 9
frameid: 330
name: 10009000330
num: 4
label: people
pos: 339.587809 194.638486 17.755991 22.415459
occl: 0
lock: 0
posv: 0.000000 0.000000 0.000000 0.000000
label: person
pos: 598.235934 172.014635 25.967741 76.718424
occl: 0
lock: 0
posv: 0.000000 0.000000 0.000000 0.000000
label: person
pos: 538.988003 181.766482 20.208218 54.531133
occl: 0
lock: 0
posv: 0.000000 0.000000 0.000000 0.000000
label: person
pos: 500.763761 177.965757 19.543002 54.078204
occl: 1
lock: 1
posv: 510.339797 178.070878 1.000000 53.973083
