setid: 10
volid: 1
frameid: 840
name: 10001000840
num: 2
label: person
pos: 324.057317 194.073134 14.717596 25.776799
occl: 1
lock: 0
posv: 324.057317 194.073134 14.717596 25.776799
label: person
pos: 334.490803 192.720293 13.913043 29.437676
occl: 1
lock: 0
posv: 334.733673 193.762480 13.670173 22.879227
