setid: 10
volid: 0
frameid: 690
name: 10000000690
num: 1
label: person
pos: 426.128838 176.529940 18.878648 39.491828
occl: 0
lock: 0
posv: 0.000000 0.000000 0.000000 0.000000
