setid: 10
volid: 6
frameid: 1200
name: 10006001200
num: 2
label: person
pos: 106.750388 200.909619 12.908213 18.477782
occl: 0
lock: 0
posv: 0.000000 0.000000 0.000000 0.000000
label: person
pos: 93.666098 199.023355 10.563370 20.219818
occl: 0
lock: 0
posv: 0.000000 0.000000 0.000000 0.000000
