setid: 10
volid: 0
frameid: 270
name: 10000000270
num: 1
label: people
pos: 245.465552 170.288564 38.936820 64.160670
occl: 0
lock: 0
posv: 0.000000 0.000000 0.000000 0.000000
