setid: 10
volid: 5
frameid: 1140
name: 10005001140
num: 1
label: person
pos: 368.422705 169.388889 13.140097 29.371981
occl: 1
lock: 0
posv: 369.167305 169.456522 10.454903 23.902089
