setid: 10
volid: 4
frameid: 1440
name: 10004001440
num: 1
label: person
pos: 530.478403 198.052998 13.140097 33.499858
occl: 0
lock: 0
posv: 0.000000 0.000000 0.000000 0.000000
