setid: 10
volid: 0
frameid: 330
name: 10000000330
num: 1
label: people
pos: 482.973430 187.475845 34.782609 62.299517
occl: 0
lock: 0
posv: 0.000000 0.000000 0.000000 0.000000
