setid: 10
volid: 1
frameid: 1080
name: 10001001080
num: 5
label: person
pos: 323.325732 194.502415 12.689471 21.892228
occl: 1
lock: 0
posv: 323.325732 194.502415 12.689471 21.892228
label: person
pos: 353.288052 189.332089 12.586283 25.637346
occl: 1
lock: 0
posv: 353.288052 189.332089 12.328742 16.851202
label: person
pos: 393.243421 191.045894 26.959221 54.333333
occl: 0
lock: 0
posv: 0.000000 0.000000 0.000000 0.000000
label: person
pos: 375.824471 186.513640 25.397325 56.097471
occl: 0
lock: 0
posv: 0.000000 0.000000 0.000000 0.000000
label: person
pos: 341.973363 189.378366 17.090086 39.088368
occl: 1
lock: 0
posv: 343.537933 191.031401 14.800719 29.778227
