setid: 10
volid: 0
frameid: 1350
name: 10000001350
num: 2
label: person
pos: 615.633352 165.077860 22.524272 59.616505
occl: 0
lock: 0
posv: 0.000000 0.000000 0.000000 0.000000
label: person
pos: 203.157360 180.683998 18.900002 35.516414
occl: 1
lock: 0
posv: 208.771260 182.866176 10.867454 23.869437
