setid: 10
volid: 5
frameid: 1170
name: 10005001170
num: 1
label: person
pos: 372.041917 172.123405 13.140097 32.114234
occl: 1
lock: 0
posv: 379.934501 172.602495 1.028218 28.653387
