setid: 10
volid: 6
frameid: 1680
name: 10006001680
num: 2
label: person
pos: 372.636712 178.414869 32.463768 72.314591
occl: 0
lock: 1
posv: 0.000000 0.000000 0.000000 0.000000
label: person
pos: 549.786445 184.327034 20.633040 48.443497
occl: 0
lock: 0
posv: 0.000000 0.000000 0.000000 0.000000
