setid: 10
volid: 8
frameid: 780
name: 10008000780
num: 4
label: people
pos: 282.874042 189.567130 24.266053 47.703438
occl: 0
lock: 0
posv: 0.000000 0.000000 0.000000 0.000000
label: people
pos: 343.961052 177.742855 46.178848 61.887406
occl: 0
lock: 1
posv: 0.000000 0.000000 0.000000 0.000000
label: person
pos: 83.055688 192.716654 16.897903 36.875430
occl: 1
lock: 0
posv: 83.055688 192.716654 16.817484 13.000750
label: person
pos: 307.876265 184.228610 31.663633 49.097777
occl: 1
lock: 0
posv: 322.232252 184.228610 1.000000 49.097777
