setid: 10
volid: 6
frameid: 1650
name: 10006001650
num: 2
label: person
pos: 340.620889 183.589015 23.095766 48.419913
occl: 0
lock: 1
posv: 0.000000 0.000000 0.000000 0.000000
label: person
pos: 482.929262 174.247412 20.096618 47.481021
occl: 0
lock: 0
posv: 0.000000 0.000000 0.000000 0.000000
