setid: 10
volid: 1
frameid: 1260
name: 10001001260
num: 3
label: person
pos: 280.225106 199.726266 25.745036 57.224355
occl: 1
lock: 0
posv: 292.129149 199.726266 1.000000 32.811999
label: person
pos: 256.069391 192.896948 28.785195 64.289801
occl: 1
lock: 1
posv: 273.481684 193.490316 0.664605 34.743820
label: person
pos: 341.773603 191.622229 21.667670 46.506575
occl: 1
lock: 0
posv: 357.269177 192.117450 1.000000 29.938185
