setid: 10
volid: 9
frameid: 480
name: 10009000480
num: 6
label: person
pos: 511.918321 156.145722 9.384571 32.708409
occl: 1
lock: 1
posv: 516.168343 157.697865 0.445545 27.819267
label: person
pos: 327.471864 160.538456 18.653784 43.450748
occl: 1
lock: 0
posv: 336.809981 160.538456 1.000000 27.026700
label: person
pos: 302.783795 165.591418 17.398273 41.423276
occl: 1
lock: 1
posv: 302.783795 165.929352 15.985035 15.482329
label: person
pos: 288.150919 167.201237 14.043449 37.797780
occl: 1
lock: 1
posv: 288.937670 167.636373 13.252689 14.636028
label: person
pos: 515.492672 154.675558 14.177121 36.598766
occl: 1
lock: 1
posv: 515.492672 154.711337 13.435457 15.246312
label: person
pos: 172.668426 167.990537 20.833914 42.762915
occl: 0
lock: 1
posv: 0.000000 0.000000 0.000000 0.000000
