setid: 10
volid: 2
frameid: 600
name: 10002000600
num: 2
label: person
pos: 157.414396 183.787785 17.765411 35.180124
occl: 0
lock: 0
posv: 0.000000 0.000000 0.000000 0.000000
label: person
pos: 341.789571 194.260159 14.685990 23.961353
occl: 0
lock: 0
posv: 0.000000 0.000000 0.000000 0.000000
