setid: 10
volid: 8
frameid: 1020
name: 10008001020
num: 2
label: people
pos: 610.898706 191.905825 26.407767 42.718447
occl: 0
lock: 0
posv: 0.000000 0.000000 0.000000 0.000000
label: person?
pos: 519.964592 187.418666 18.640777 31.067961
occl: 0
lock: 0
posv: 0.000000 0.000000 0.000000 0.000000
