setid: 10
volid: 4
frameid: 1320
name: 10004001320
num: 1
label: person
pos: 518.718569 199.951552 13.140097 33.499858
occl: 0
lock: 0
posv: 0.000000 0.000000 0.000000 0.000000
