setid: 10
volid: 8
frameid: 1710
name: 10008001710
num: 1
label: person?
pos: 523.359283 194.915806 18.640777 30.309396
occl: 0
lock: 0
posv: 0.000000 0.000000 0.000000 0.000000
