setid: 10
volid: 0
frameid: 1710
name: 10000001710
num: 2
label: person
pos: 586.473920 167.033743 26.164097 59.616505
occl: 0
lock: 0
posv: 0.000000 0.000000 0.000000 0.000000
label: person
pos: 108.854945 181.166158 14.750323 32.410623
occl: 0
lock: 1
posv: 0.000000 0.000000 0.000000 0.000000
