setid: 10
volid: 2
frameid: 1770
name: 10002001770
num: 1
label: person
pos: 507.348911 188.793778 19.287997 50.081588
occl: 1
lock: 1
posv: 510.703531 188.793778 15.300099 48.482004
