setid: 10
volid: 9
frameid: 1350
name: 10009001350
num: 2
label: person
pos: 292.143262 178.966692 22.511380 53.684608
occl: 1
lock: 1
posv: 292.143262 178.966692 20.994231 29.032265
label: person
pos: 56.329685 193.651342 24.291762 50.237198
occl: 1
lock: 0
posv: 78.864575 193.651342 1.000000 50.237198
