setid: 10
volid: 2
frameid: 660
name: 10002000660
num: 1
label: person
pos: 82.163654 179.791731 25.449844 53.110486
occl: 0
lock: 0
posv: 0.000000 0.000000 0.000000 0.000000
