setid: 10
volid: 1
frameid: 660
name: 10001000660
num: 2
label: person
pos: 334.502267 197.965189 16.231884 29.264972
occl: 1
lock: 0
posv: 334.560783 197.965189 16.173368 26.374778
label: person
pos: 357.003073 200.810277 11.579051 30.748457
occl: 0
lock: 0
posv: 0.000000 0.000000 0.000000 0.000000
