setid: 10
volid: 8
frameid: 1740
name: 10008001740
num: 1
label: person?
pos: 524.172714 196.798668 18.640777 31.083107
occl: 1
lock: 1
posv: 535.965160 196.798668 0.445545 27.859641
