setid: 10
volid: 9
frameid: 1620
name: 10009001620
num: 4
label: person
pos: 468.266990 131.567961 152.689178 347.572816
occl: 1
lock: 0
posv: 468.266990 131.567961 152.689178 347.572816
label: people
pos: 239.723301 179.452884 43.495146 48.155340
occl: 0
lock: 0
posv: 0.000000 0.000000 0.000000 0.000000
label: person
pos: 392.396276 174.758137 26.407767 62.068998
occl: 0
lock: 0
posv: 0.000000 0.000000 0.000000 0.000000
label: person
pos: 598.221812 145.130691 44.172316 265.967048
occl: 1
lock: 1
posv: 638.819871 145.130691 3.574257 225.800872
