setid: 10
volid: 6
frameid: 600
name: 10006000600
num: 2
label: people
pos: 330.399696 188.349719 27.142247 34.086957
occl: 0
lock: 0
posv: 0.000000 0.000000 0.000000 0.000000
label: person
pos: 318.737397 190.258454 12.841034 27.826087
occl: 0
lock: 0
posv: 0.000000 0.000000 0.000000 0.000000
