setid: 10
volid: 0
frameid: 780
name: 10000000780
num: 1
label: person
pos: 516.986808 169.480655 22.524272 48.662847
occl: 1
lock: 1
posv: 535.523050 169.480655 1.000000 37.906440
