setid: 10
volid: 8
frameid: 1320
name: 10008001320
num: 3
label: people
pos: 75.309985 193.053893 34.466010 34.951456
occl: 0
lock: 0
posv: 0.000000 0.000000 0.000000 0.000000
label: people
pos: 606.176661 199.209347 32.232915 41.941748
occl: 0
lock: 0
posv: 0.000000 0.000000 0.000000 0.000000
label: person?
pos: 518.641062 192.688273 18.640777 31.067961
occl: 0
lock: 0
posv: 0.000000 0.000000 0.000000 0.000000
