setid: 10
volid: 8
frameid: 480
name: 10008000480
num: 2
label: person?
pos: 435.782572 193.971376 16.686186 40.327086
occl: 1
lock: 0
posv: 436.255409 194.169023 15.352242 34.770693
label: person
pos: 413.193143 192.376193 19.544024 41.920253
occl: 1
lock: 0
posv: 413.358917 195.525123 16.876783 12.588541
