setid: 10
volid: 5
frameid: 1680
name: 10005001680
num: 1
label: person
pos: 372.834664 183.850022 13.140097 33.430094
occl: 0
lock: 1
posv: 0.000000 0.000000 0.000000 0.000000
