setid: 10
volid: 2
frameid: 1830
name: 10002001830
num: 1
label: person
pos: 576.677323 188.475135 27.669650 63.476215
occl: 0
lock: 0
posv: 0.000000 0.000000 0.000000 0.000000
