setid: 10
volid: 9
frameid: 810
name: 10009000810
num: 5
label: people
pos: 187.813916 202.312298 12.427184 20.970874
occl: 0
lock: 0
posv: 0.000000 0.000000 0.000000 0.000000
label: people
pos: 420.596618 192.289642 63.381643 37.874396
occl: 0
lock: 1
posv: 0.000000 0.000000 0.000000 0.000000
label: person
pos: 155.345662 201.810597 8.081546 22.926014
occl: 0
lock: 0
posv: 0.000000 0.000000 0.000000 0.000000
label: person
pos: 523.803247 190.222780 19.811223 49.908584
occl: 0
lock: 0
posv: 0.000000 0.000000 0.000000 0.000000
label: person
pos: 490.410966 196.193482 17.571659 36.723564
occl: 0
lock: 0
posv: 0.000000 0.000000 0.000000 0.000000
