setid: 10
volid: 5
frameid: 1710
name: 10005001710
num: 1
label: person
pos: 372.413056 182.163592 13.140097 33.430094
occl: 0
lock: 0
posv: 0.000000 0.000000 0.000000 0.000000
