setid: 10
volid: 7
frameid: 660
name: 10007000660
num: 1
label: person?
pos: 27.933164 205.838706 19.423341 34.623951
occl: 0
lock: 0
posv: 0.000000 0.000000 0.000000 0.000000
