setid: 10
volid: 6
frameid: 570
name: 10006000570
num: 2
label: people
pos: 298.798693 186.744662 19.563951 30.737520
occl: 0
lock: 0
posv: 0.000000 0.000000 0.000000 0.000000
label: person
pos: 287.263285 189.949275 12.367150 26.280193
occl: 0
lock: 0
posv: 0.000000 0.000000 0.000000 0.000000
