setid: 10
volid: 1
frameid: 1320
name: 10001001320
num: 1
label: person
pos: 275.442772 198.995019 22.711203 48.418958
occl: 1
lock: 0
posv: 291.432041 198.995019 1.000000 37.701727
