setid: 10
volid: 8
frameid: 570
name: 10008000570
num: 1
label: person
pos: 544.531068 174.671255 29.461662 80.252009
occl: 1
lock: 1
posv: 547.055886 176.949367 17.701340 20.785170
