setid: 10
volid: 5
frameid: 1620
name: 10005001620
num: 1
label: person
pos: 373.045467 183.394217 13.140097 33.430094
occl: 1
lock: 0
posv: 376.958144 183.394217 6.728464 20.714669
