setid: 10
volid: 2
frameid: 570
name: 10002000570
num: 2
label: person
pos: 187.339807 184.684643 16.386473 39.423396
occl: 1
lock: 1
posv: 188.846166 184.781573 14.597947 16.439785
label: person
pos: 363.887068 191.484338 14.545455 24.455016
occl: 0
lock: 0
posv: 0.000000 0.000000 0.000000 0.000000
