setid: 10
volid: 2
frameid: 630
name: 10002000630
num: 2
label: person
pos: 130.251589 182.793996 20.331594 44.786749
occl: 0
lock: 0
posv: 0.000000 0.000000 0.000000 0.000000
label: person
pos: 330.824211 194.049048 16.585990 24.296647
occl: 1
lock: 0
posv: 330.824211 194.049048 14.685990 15.899766
