setid: 10
volid: 9
frameid: 450
name: 10009000450
num: 4
label: person
pos: 311.113993 172.270712 17.417069 36.063437
occl: 0
lock: 0
posv: 0.000000 0.000000 0.000000 0.000000
label: person
pos: 291.847689 178.043194 11.569923 32.915212
occl: 0
lock: 0
posv: 0.000000 0.000000 0.000000 0.000000
label: person
pos: 279.521962 179.487456 13.058681 31.167377
occl: 0
lock: 0
posv: 0.000000 0.000000 0.000000 0.000000
label: person
pos: 128.304088 179.074298 19.281202 33.640475
occl: 1
lock: 0
posv: 146.585290 179.074298 1.000000 19.218561
