setid: 10
volid: 9
frameid: 660
name: 10009000660
num: 6
label: person
pos: 298.912986 178.331638 28.762544 66.526001
occl: 0
lock: 0
posv: 0.000000 0.000000 0.000000 0.000000
label: person
pos: 228.950434 176.974655 27.082903 73.309975
occl: 0
lock: 0
posv: 0.000000 0.000000 0.000000 0.000000
label: person
pos: 190.041489 186.900657 22.310927 65.572049
occl: 0
lock: 0
posv: 0.000000 0.000000 0.000000 0.000000
label: person
pos: 163.965616 195.033762 23.519925 58.804779
occl: 0
lock: 0
posv: 0.000000 0.000000 0.000000 0.000000
label: person
pos: 321.330839 177.172907 24.812797 69.558244
occl: 0
lock: 0
posv: 0.000000 0.000000 0.000000 0.000000
label: person
pos: 381.886413 174.625994 31.383882 63.973551
occl: 0
lock: 1
posv: 0.000000 0.000000 0.000000 0.000000
