setid: 10
volid: 1
frameid: 870
name: 10001000870
num: 3
label: person
pos: 322.133736 194.479870 13.852613 20.780710
occl: 1
lock: 0
posv: 322.133736 194.479870 13.852613 20.780710
label: person
pos: 471.176390 175.438396 15.804472 58.743961
occl: 0
lock: 0
posv: 0.000000 0.000000 0.000000 0.000000
label: person
pos: 334.202109 192.928373 14.033343 31.124536
occl: 1
lock: 1
posv: 334.413043 193.350242 13.822409 23.188406
