setid: 10
volid: 0
frameid: 810
name: 10000000810
num: 1
label: person
pos: 533.000914 162.699794 22.524272 50.991105
occl: 1
lock: 0
posv: 545.161276 163.031209 1.000000 26.007645
