setid: 10
volid: 8
frameid: 1680
name: 10008001680
num: 1
label: person?
pos: 519.825373 197.346097 18.640777 31.067961
occl: 1
lock: 1
posv: 532.858632 197.346097 0.576036 31.067961
