setid: 10
volid: 7
frameid: 1080
name: 10007001080
num: 2
label: person
pos: 175.958937 207.263285 11.594203 21.642512
occl: 0
lock: 0
posv: 0.000000 0.000000 0.000000 0.000000
label: person
pos: 169.026570 208.821398 9.435919 18.832623
occl: 0
lock: 0
posv: 0.000000 0.000000 0.000000 0.000000
