setid: 10
volid: 0
frameid: 1830
name: 10000001830
num: 2
label: people
pos: 244.519324 187.209952 54.415459 21.831111
occl: 0
lock: 0
posv: 0.000000 0.000000 0.000000 0.000000
label: person
pos: 35.683752 187.426972 19.976309 45.247646
occl: 1
lock: 0
posv: 35.806191 188.626286 17.664435 29.333361
