setid: 10
volid: 1
frameid: 810
name: 10001000810
num: 2
label: person
pos: 325.326942 193.914145 11.671187 26.449941
occl: 1
lock: 0
posv: 325.326942 193.914145 11.671187 26.449941
label: person
pos: 330.747367 193.806561 13.913043 28.409418
occl: 1
lock: 0
posv: 332.351852 194.380837 12.308559 22.415459
