setid: 10
volid: 1
frameid: 300
name: 10001000300
num: 2
label: person
pos: 432.591664 179.979431 23.324505 59.624919
occl: 1
lock: 0
posv: 433.731139 180.003499 20.714976 21.113032
label: person
pos: 29.968186 211.585266 16.344085 36.328502
occl: 1
lock: 0
posv: 45.312270 211.681621 1.000000 35.016862
