setid: 10
volid: 9
frameid: 1200
name: 10009001200
num: 3
label: person
pos: 114.393888 191.785640 18.545292 48.341539
occl: 0
lock: 0
posv: 0.000000 0.000000 0.000000 0.000000
label: person
pos: 257.986674 185.675995 13.969027 27.289709
occl: 1
lock: 0
posv: 264.328892 185.817051 1.000000 25.382592
label: person
pos: 208.238218 182.329339 28.732842 50.010901
occl: 1
lock: 0
posv: 235.558313 182.329339 1.412748 48.753236
