setid: 10
volid: 1
frameid: 900
name: 10001000900
num: 4
label: person
pos: 322.150171 194.502415 14.055701 25.576326
occl: 1
lock: 0
posv: 322.473987 194.502415 13.731884 22.630806
label: person
pos: 477.500966 182.796050 21.720370 50.367875
occl: 1
lock: 0
posv: 477.500966 182.796050 21.720370 36.293605
label: person
pos: 466.156162 175.687660 18.695222 41.339456
occl: 0
lock: 1
posv: 0.000000 0.000000 0.000000 0.000000
label: person
pos: 333.948988 192.422131 15.236060 34.155476
occl: 1
lock: 0
posv: 334.413043 193.350242 13.913043 23.188406
