setid: 10
volid: 6
frameid: 780
name: 10006000780
num: 1
label: person
pos: 560.320013 159.448991 27.640363 104.250853
occl: 0
lock: 0
posv: 0.000000 0.000000 0.000000 0.000000
