setid: 10
volid: 9
frameid: 720
name: 10009000720
num: 3
label: people
pos: 502.805038 183.964458 81.159420 41.739130
occl: 0
lock: 0
posv: 0.000000 0.000000 0.000000 0.000000
label: person
pos: 437.877502 185.068668 14.685990 42.512077
occl: 0
lock: 0
posv: 0.000000 0.000000 0.000000 0.000000
label: person
pos: 449.914444 189.485507 15.458937 38.647343
occl: 0
lock: 0
posv: 0.000000 0.000000 0.000000 0.000000
