setid: 10
volid: 0
frameid: 1200
name: 10000001200
num: 2
label: person
pos: 615.633352 160.420998 22.524272 59.616505
occl: 0
lock: 0
posv: 0.000000 0.000000 0.000000 0.000000
label: person
pos: 197.578993 182.029670 14.747320 32.986359
occl: 0
lock: 0
posv: 0.000000 0.000000 0.000000 0.000000
