setid: 10
volid: 9
frameid: 1050
name: 10009001050
num: 4
label: people
pos: 270.159096 159.123009 25.631068 22.898238
occl: 0
lock: 0
posv: 0.000000 0.000000 0.000000 0.000000
label: person
pos: 333.124799 153.414654 14.685990 36.328502
occl: 1
lock: 1
posv: 339.769774 153.414654 0.930693 24.686086
label: person
pos: 314.342449 153.829887 15.690821 34.254428
occl: 1
lock: 1
posv: 320.826474 153.829887 0.544554 34.254428
label: person
pos: 383.791579 155.290225 15.353911 31.323767
occl: 1
lock: 1
posv: 383.791579 155.290225 15.076527 13.925670
