setid: 10
volid: 4
frameid: 1680
name: 10004001680
num: 1
label: person
pos: 559.793240 198.910628 14.663257 33.499858
occl: 0
lock: 1
posv: 0.000000 0.000000 0.000000 0.000000
