setid: 10
volid: 6
frameid: 1530
name: 10006001530
num: 1
label: people
pos: 433.801373 180.943080 21.897130 32.463768
occl: 0
lock: 0
posv: 0.000000 0.000000 0.000000 0.000000
