setid: 10
volid: 8
frameid: 240
name: 10008000240
num: 1
label: person
pos: 389.658284 186.548309 14.685990 29.055982
occl: 0
lock: 0
posv: 0.000000 0.000000 0.000000 0.000000
