setid: 10
volid: 0
frameid: 1230
name: 10000001230
num: 2
label: person
pos: 615.633352 164.123203 22.524272 58.928625
occl: 0
lock: 0
posv: 0.000000 0.000000 0.000000 0.000000
label: person
pos: 201.172765 180.157657 18.617911 36.039119
occl: 0
lock: 0
posv: 0.000000 0.000000 0.000000 0.000000
