setid: 10
volid: 3
frameid: 1440
name: 10003001440
num: 2
label: person
pos: 280.624893 181.957232 9.275362 19.995169
occl: 0
lock: 1
posv: 0.000000 0.000000 0.000000 0.000000
label: person
pos: 269.387539 178.674339 10.856316 22.839301
occl: 0
lock: 1
posv: 0.000000 0.000000 0.000000 0.000000
