setid: 10
volid: 1
frameid: 1140
name: 10001001140
num: 4
label: person
pos: 350.712363 188.405513 13.627167 27.791457
occl: 1
lock: 0
posv: 350.712363 188.405513 13.362517 17.004831
label: person
pos: 377.784598 192.104717 20.482754 54.245098
occl: 0
lock: 0
posv: 0.000000 0.000000 0.000000 0.000000
label: person
pos: 363.944276 187.067775 19.298549 57.138145
occl: 0
lock: 0
posv: 0.000000 0.000000 0.000000 0.000000
label: person
pos: 344.114190 191.031401 17.004831 35.555556
occl: 1
lock: 0
posv: 347.330783 191.034414 13.230886 35.295176
