setid: 10
volid: 4
frameid: 1290
name: 10004001290
num: 1
label: person
pos: 515.144749 199.553688 13.296774 34.376477
occl: 1
lock: 1
posv: 519.815535 199.553688 0.652225 21.062276
