setid: 10
volid: 1
frameid: 150
name: 10001000150
num: 1
label: person
pos: 10.263188 217.316873 15.458937 32.541560
occl: 1
lock: 0
posv: 22.376053 217.362711 1.000000 20.424470
