setid: 10
volid: 9
frameid: 1560
name: 10009001560
num: 5
label: person
pos: 6.713592 123.606796 167.543547 354.174757
occl: 1
lock: 1
posv: 6.713592 123.606796 167.543547 354.174757
label: person
pos: 387.279376 175.804863 24.627338 55.838440
occl: 0
lock: 0
posv: 0.000000 0.000000 0.000000 0.000000
label: person
pos: 152.189320 125.470874 117.825243 346.873786
occl: 1
lock: 1
posv: 152.189320 125.470874 117.825243 346.873786
label: person
pos: 198.892771 152.738121 59.055207 232.835018
occl: 1
lock: 0
posv: 220.937539 152.738121 4.016052 225.607214
label: person
pos: 184.966019 115.063107 69.126214 326.990291
occl: 1
lock: 0
posv: 184.966019 115.063107 69.126214 326.990291
