setid: 10
volid: 6
frameid: 750
name: 10006000750
num: 1
label: person
pos: 447.383525 182.111395 19.744139 59.397685
occl: 0
lock: 0
posv: 0.000000 0.000000 0.000000 0.000000
