setid: 10
volid: 0
frameid: 750
name: 10000000750
num: 1
label: person
pos: 482.557591 163.643617 25.997780 45.555764
occl: 0
lock: 0
posv: 0.000000 0.000000 0.000000 0.000000
