setid: 10
volid: 5
frameid: 1440
name: 10005001440
num: 1
label: person
pos: 373.045467 180.815573 13.140097 33.430094
occl: 0
lock: 1
posv: 0.000000 0.000000 0.000000 0.000000
