setid: 10
volid: 8
frameid: 270
name: 10008000270
num: 2
label: person
pos: 246.786340 190.719238 11.892267 32.653886
occl: 0
lock: 0
posv: 0.000000 0.000000 0.000000 0.000000
label: person
pos: 228.006029 192.145782 10.463551 26.231744
occl: 0
lock: 0
posv: 0.000000 0.000000 0.000000 0.000000
