setid: 10
volid: 1
frameid: 1050
name: 10001001050
num: 5
label: person
pos: 321.470659 194.502415 12.689471 21.892228
occl: 1
lock: 0
posv: 321.470659 194.502415 12.689471 21.892228
label: person
pos: 359.223026 190.671567 14.827167 27.962513
occl: 1
lock: 0
posv: 359.454390 192.270247 12.367150 17.004831
label: person
pos: 410.454106 191.712560 27.053140 53.333333
occl: 0
lock: 0
posv: 0.000000 0.000000 0.000000 0.000000
label: person
pos: 381.657804 183.866581 29.907329 57.420716
occl: 0
lock: 0
posv: 0.000000 0.000000 0.000000 0.000000
label: person
pos: 338.126662 190.921199 18.935614 39.417477
occl: 1
lock: 0
posv: 340.043336 191.031401 17.004831 29.294686
