setid: 10
volid: 3
frameid: 1500
name: 10003001500
num: 2
label: person
pos: 54.194189 165.714184 13.766555 31.268855
occl: 0
lock: 0
posv: 0.000000 0.000000 0.000000 0.000000
label: person
pos: 39.444655 163.649378 13.364391 38.054563
occl: 0
lock: 0
posv: 0.000000 0.000000 0.000000 0.000000
