setid: 10
volid: 9
frameid: 1800
name: 10009001800
num: 2
label: people
pos: 216.422330 182.635922 78.998096 48.155340
occl: 0
lock: 0
posv: 0.000000 0.000000 0.000000 0.000000
label: person
pos: 393.166476 176.178279 26.407767 65.936703
occl: 1
lock: 1
posv: 393.166476 176.178279 26.407767 47.626474
