setid: 10
volid: 8
frameid: 810
name: 10008000810
num: 6
label: people
pos: 264.822961 181.037408 32.227426 60.518972
occl: 0
lock: 0
posv: 0.000000 0.000000 0.000000 0.000000
label: people
pos: 444.058157 175.151057 46.488864 70.845231
occl: 0
lock: 0
posv: 0.000000 0.000000 0.000000 0.000000
label: person
pos: 85.126907 188.472261 16.051016 36.511377
occl: 1
lock: 0
posv: 85.252953 188.603245 15.315404 35.482450
label: person
pos: 374.476870 180.003868 23.253355 65.674944
occl: 1
lock: 1
posv: 374.673162 180.003868 20.229123 65.674944
label: person
pos: 256.795686 179.181584 37.349312 59.964483
occl: 1
lock: 0
posv: 261.599466 182.089266 17.073557 57.056801
label: person
pos: 112.657618 190.104182 14.757282 30.182571
occl: 1
lock: 1
posv: 115.341831 190.104182 12.073069 16.298792
