setid: 10
volid: 8
frameid: 1080
name: 10008001080
num: 3
label: people
pos: 609.605663 192.972492 28.234142 42.718447
occl: 0
lock: 0
posv: 0.000000 0.000000 0.000000 0.000000
label: people
pos: 83.191795 188.943175 24.854369 34.951456
occl: 0
lock: 1
posv: 0.000000 0.000000 0.000000 0.000000
label: person?
pos: 518.248905 191.903960 18.640777 31.067961
occl: 0
lock: 0
posv: 0.000000 0.000000 0.000000 0.000000
