setid: 10
volid: 9
frameid: 1440
name: 10009001440
num: 1
label: person
pos: 76.873101 202.391110 12.028669 19.417476
occl: 1
lock: 0
posv: 76.873101 202.391110 12.028669 19.417476
