setid: 10
volid: 2
frameid: 540
name: 10002000540
num: 1
label: person
pos: 374.586876 191.555770 13.491436 22.372340
occl: 1
lock: 1
posv: 374.896534 191.914174 12.975245 11.480537
