setid: 10
volid: 0
frameid: 1260
name: 10000001260
num: 2
label: person
pos: 615.633352 165.077860 22.524272 59.616505
occl: 0
lock: 0
posv: 0.000000 0.000000 0.000000 0.000000
label: person
pos: 201.466184 180.636094 18.900002 35.902553
occl: 1
lock: 0
posv: 210.105937 180.636094 8.548366 19.601060
