setid: 10
volid: 0
frameid: 1080
name: 10000001080
num: 2
label: person
pos: 615.633352 160.420998 22.524272 59.616505
occl: 0
lock: 0
posv: 0.000000 0.000000 0.000000 0.000000
label: person
pos: 137.046274 179.832265 16.996407 32.448307
occl: 1
lock: 0
posv: 150.401988 179.913847 1.000000 22.540209
