setid: 10
volid: 9
frameid: 870
name: 10009000870
num: 4
label: people
pos: 120.241100 189.182848 18.122977 20.970874
occl: 0
lock: 0
posv: 0.000000 0.000000 0.000000 0.000000
label: people
pos: 438.046833 169.044774 142.395640 67.529089
occl: 0
lock: 0
posv: 0.000000 0.000000 0.000000 0.000000
label: person
pos: 81.760827 186.925568 12.800150 26.126994
occl: 1
lock: 1
posv: 87.121298 186.925568 0.415842 26.126994
label: person
pos: 475.511698 170.477503 21.497910 62.280691
occl: 1
lock: 1
posv: 481.486616 170.477503 1.308691 62.280691
