setid: 10
volid: 2
frameid: 1800
name: 10002001800
num: 1
label: person
pos: 539.657900 187.962265 22.141955 56.389446
occl: 0
lock: 0
posv: 0.000000 0.000000 0.000000 0.000000
