setid: 10
volid: 8
frameid: 870
name: 10008000870
num: 6
label: person
pos: 140.744463 159.334190 37.875151 95.378525
occl: 0
lock: 0
posv: 0.000000 0.000000 0.000000 0.000000
label: person
pos: 51.140777 169.587379 19.106796 43.961165
occl: 1
lock: 0
posv: 68.096371 169.587379 1.000000 43.961165
label: person
pos: 570.031339 165.497858 58.512850 96.997906
occl: 0
lock: 0
posv: 0.000000 0.000000 0.000000 0.000000
label: person
pos: 119.530326 161.137559 32.398458 96.451628
occl: 0
lock: 0
posv: 0.000000 0.000000 0.000000 0.000000
label: person
pos: 25.500000 165.655340 35.047735 77.951456
occl: 0
lock: 0
posv: 0.000000 0.000000 0.000000 0.000000
label: person
pos: 175.207778 168.578330 14.806785 31.768038
occl: 1
lock: 0
posv: 179.831408 168.578330 1.000000 30.412015
