setid: 10
volid: 5
frameid: 1560
name: 10005001560
num: 1
label: person
pos: 373.352508 184.244394 13.140097 33.430094
occl: 0
lock: 0
posv: 0.000000 0.000000 0.000000 0.000000
