setid: 10
volid: 4
frameid: 1530
name: 10004001530
num: 1
label: person
pos: 541.747092 197.188052 13.140097 33.499858
occl: 0
lock: 0
posv: 0.000000 0.000000 0.000000 0.000000
