setid: 10
volid: 6
frameid: 1140
name: 10006001140
num: 3
label: person
pos: 142.775296 190.941204 10.379395 16.284612
occl: 0
lock: 0
posv: 0.000000 0.000000 0.000000 0.000000
label: person
pos: 510.441821 169.297899 23.795780 72.679069
occl: 0
lock: 0
posv: 0.000000 0.000000 0.000000 0.000000
label: person
pos: 127.130015 190.884845 9.249142 17.059292
occl: 1
lock: 1
posv: 128.520221 190.884845 7.858936 13.595479
