setid: 10
volid: 2
frameid: 210
name: 10002000210
num: 1
label: person-fa
pos: 388.006547 170.746523 28.083736 50.327429
occl: 0
lock: 0
posv: 0.000000 0.000000 0.000000 0.000000
