setid: 10
volid: 4
frameid: 1560
name: 10004001560
num: 1
label: person
pos: 543.904376 196.549446 13.140097 33.499858
occl: 0
lock: 1
posv: 0.000000 0.000000 0.000000 0.000000
