setid: 10
volid: 1
frameid: 570
name: 10001000570
num: 1
label: person
pos: 490.384456 192.342853 17.033062 45.761012
occl: 0
lock: 0
posv: 0.000000 0.000000 0.000000 0.000000
