setid: 10
volid: 5
frameid: 1650
name: 10005001650
num: 1
label: person
pos: 373.045467 184.693237 12.530520 32.349668
occl: 0
lock: 0
posv: 0.000000 0.000000 0.000000 0.000000
