setid: 10
volid: 5
frameid: 1260
name: 10005001260
num: 1
label: person
pos: 373.045467 178.737141 13.140097 33.430094
occl: 0
lock: 0
posv: 0.000000 0.000000 0.000000 0.000000
