setid: 10
volid: 8
frameid: 330
name: 10008000330
num: 2
label: person
pos: 31.418909 189.036328 23.210420 33.298886
occl: 1
lock: 0
posv: 46.885502 192.779779 1.000000 24.149699
label: person
pos: 474.694728 174.028394 26.578906 58.672745
occl: 1
lock: 1
posv: 479.206532 174.905074 22.067102 19.426037
