setid: 10
volid: 9
frameid: 1140
name: 10009001140
num: 5
label: people
pos: 218.420141 177.965924 33.890134 24.077670
occl: 0
lock: 0
posv: 0.000000 0.000000 0.000000 0.000000
label: person
pos: 192.686559 180.216397 24.509662 45.495808
occl: 0
lock: 0
posv: 0.000000 0.000000 0.000000 0.000000
label: person
pos: 265.289876 174.780838 16.231884 42.512077
occl: 1
lock: 1
posv: 275.762254 174.780838 0.673267 42.512077
label: person
pos: 260.474833 177.227070 11.650485 25.234723
occl: 0
lock: 0
posv: 0.000000 0.000000 0.000000 0.000000
label: person
pos: 276.414246 171.588283 25.945840 48.753236
occl: 1
lock: 1
posv: 278.162145 171.588283 24.197941 48.753236
