setid: 10
volid: 0
frameid: 1170
name: 10000001170
num: 2
label: person
pos: 618.683923 160.305665 19.588195 60.966394
occl: 0
lock: 1
posv: 0.000000 0.000000 0.000000 0.000000
label: person
pos: 187.692132 184.092042 12.669900 31.301410
occl: 0
lock: 0
posv: 0.000000 0.000000 0.000000 0.000000
