setid: 10
volid: 7
frameid: 1110
name: 10007001110
num: 3
label: person
pos: 168.066780 209.665246 9.228474 21.642512
occl: 0
lock: 1
posv: 0.000000 0.000000 0.000000 0.000000
label: person
pos: 185.790423 207.035664 12.367150 24.734300
occl: 0
lock: 0
posv: 0.000000 0.000000 0.000000 0.000000
label: person
pos: 161.489628 208.742967 8.168940 24.687411
occl: 1
lock: 1
posv: 161.489628 208.742967 8.168940 24.687411
