setid: 10
volid: 0
frameid: 1650
name: 10000001650
num: 2
label: person
pos: 611.993528 165.077860 26.164097 59.616505
occl: 0
lock: 0
posv: 0.000000 0.000000 0.000000 0.000000
label: person
pos: 115.282609 181.701845 16.231884 34.707687
occl: 1
lock: 0
posv: 115.282609 182.528986 15.989050 25.132343
