setid: 10
volid: 8
frameid: 1170
name: 10008001170
num: 2
label: people
pos: 78.169903 192.049971 35.095850 34.951456
occl: 0
lock: 0
posv: 0.000000 0.000000 0.000000 0.000000
label: person?
pos: 518.641062 192.688273 18.640777 31.067961
occl: 0
lock: 0
posv: 0.000000 0.000000 0.000000 0.000000
