setid: 10
volid: 1
frameid: 540
name: 10001000540
num: 1
label: person
pos: 473.601292 198.454771 17.137907 40.919749
occl: 1
lock: 0
posv: 489.393192 198.696683 1.099587 40.677837
