setid: 10
volid: 3
frameid: 1410
name: 10003001410
num: 2
label: person
pos: 381.591724 184.768833 9.275362 19.323671
occl: 0
lock: 0
posv: 0.000000 0.000000 0.000000 0.000000
label: person
pos: 374.142512 183.820404 9.561239 19.586246
occl: 0
lock: 1
posv: 0.000000 0.000000 0.000000 0.000000
