setid: 10
volid: 0
frameid: 1620
name: 10000001620
num: 2
label: person
pos: 611.993528 165.077860 26.164097 59.616505
occl: 0
lock: 0
posv: 0.000000 0.000000 0.000000 0.000000
label: person
pos: 118.259806 181.965660 17.523202 32.841286
occl: 1
lock: 1
posv: 119.271306 182.689408 16.511702 22.809224
