setid: 10
volid: 9
frameid: 300
name: 10009000300
num: 5
label: people
pos: 331.540068 194.123188 16.298759 22.415459
occl: 0
lock: 0
posv: 0.000000 0.000000 0.000000 0.000000
label: person
pos: 501.848368 178.310088 20.611916 58.817575
occl: 0
lock: 0
posv: 0.000000 0.000000 0.000000 0.000000
label: person
pos: 479.997424 184.979953 15.921854 39.806346
occl: 0
lock: 0
posv: 0.000000 0.000000 0.000000 0.000000
label: person
pos: 68.079805 203.201904 16.489533 34.962205
occl: 0
lock: 0
posv: 0.000000 0.000000 0.000000 0.000000
label: person
pos: 460.285608 183.878801 14.459141 39.694418
occl: 0
lock: 0
posv: 0.000000 0.000000 0.000000 0.000000
