setid: 10
volid: 0
frameid: 720
name: 10000000720
num: 1
label: person
pos: 451.709188 169.913335 21.325284 45.092296
occl: 0
lock: 1
posv: 0.000000 0.000000 0.000000 0.000000
