setid: 10
volid: 3
frameid: 1350
name: 10003001350
num: 1
label: person
pos: 556.533242 184.074879 8.502415 19.323671
occl: 0
lock: 1
posv: 0.000000 0.000000 0.000000 0.000000
