setid: 10
volid: 5
frameid: 1230
name: 10005001230
num: 1
label: person
pos: 373.045467 177.697926 13.140097 33.430094
occl: 0
lock: 1
posv: 0.000000 0.000000 0.000000 0.000000
