setid: 10
volid: 1
frameid: 600
name: 10001000600
num: 1
label: person
pos: 348.768834 201.758964 13.225980 30.921973
occl: 1
lock: 0
posv: 348.768834 201.758964 13.225980 18.026060
