setid: 10
volid: 8
frameid: 1290
name: 10008001290
num: 3
label: people
pos: 74.968808 192.712717 35.777446 34.951456
occl: 0
lock: 0
posv: 0.000000 0.000000 0.000000 0.000000
label: people
pos: 606.359011 199.603465 30.868211 41.941748
occl: 0
lock: 0
posv: 0.000000 0.000000 0.000000 0.000000
label: person?
pos: 518.641062 192.688273 18.640777 31.067961
occl: 0
lock: 0
posv: 0.000000 0.000000 0.000000 0.000000
