setid: 10
volid: 2
frameid: 930
name: 10002000930
num: 1
label: person
pos: 73.234300 171.735010 23.929525 54.233589
occl: 0
lock: 0
posv: 0.000000 0.000000 0.000000 0.000000
