setid: 10
volid: 1
frameid: 330
name: 10001000330
num: 2
label: person
pos: 426.190662 178.442449 23.049943 56.696871
occl: 1
lock: 0
posv: 426.393720 178.664251 21.642512 25.507246
label: person
pos: 32.613621 214.325540 15.458937 32.957622
occl: 0
lock: 0
posv: 0.000000 0.000000 0.000000 0.000000
