setid: 10
volid: 0
frameid: 1020
name: 10000001020
num: 2
label: person
pos: 615.633352 158.848013 22.524272 59.699294
occl: 1
lock: 1
posv: 615.633352 158.848013 22.524272 21.314896
label: person
pos: 101.759518 178.695888 16.996407 37.671235
occl: 1
lock: 1
posv: 101.759518 178.695888 16.996407 37.671235
