setid: 10
volid: 8
frameid: 210
name: 10008000210
num: 1
label: person
pos: 448.654589 194.934783 14.685990 24.734300
occl: 0
lock: 0
posv: 0.000000 0.000000 0.000000 0.000000
