setid: 10
volid: 1
frameid: 1470
name: 10001001470
num: 2
label: person
pos: 389.782388 178.024532 22.676433 56.912498
occl: 1
lock: 1
posv: 391.034015 178.994497 20.859618 22.027491
label: person
pos: 432.431155 178.089315 21.929755 46.384837
occl: 1
lock: 0
posv: 447.615488 178.228291 1.000000 27.817563
