setid: 10
volid: 1
frameid: 450
name: 10001000450
num: 2
label: person
pos: 443.894731 179.146423 33.319807 80.606851
occl: 0
lock: 0
posv: 0.000000 0.000000 0.000000 0.000000
label: person
pos: 35.711824 226.652431 15.458937 36.328502
occl: 0
lock: 0
posv: 0.000000 0.000000 0.000000 0.000000
