setid: 10
volid: 5
frameid: 720
name: 10005000720
num: 1
label: person-fa
pos: 591.039358 165.524155 24.417164 57.816425
occl: 0
lock: 0
posv: 0.000000 0.000000 0.000000 0.000000
