setid: 10
volid: 1
frameid: 750
name: 10001000750
num: 2
label: person
pos: 322.061920 195.242019 13.069282 27.706075
occl: 1
lock: 1
posv: 322.061920 195.242019 13.069282 25.778487
label: person
pos: 326.610545 195.317723 13.932233 27.376755
occl: 1
lock: 0
posv: 326.610545 195.666889 13.316186 25.509439
