setid: 10
volid: 0
frameid: 1590
name: 10000001590
num: 2
label: person
pos: 611.993528 165.077860 26.164097 59.616505
occl: 0
lock: 0
posv: 0.000000 0.000000 0.000000 0.000000
label: person
pos: 122.771443 183.126926 18.623644 29.870651
occl: 1
lock: 0
posv: 122.771443 194.011296 18.623644 1.000000
