setid: 10
volid: 4
frameid: 1260
name: 10004001260
num: 1
label: person
pos: 512.190821 198.760870 13.140097 32.463768
occl: 0
lock: 0
posv: 0.000000 0.000000 0.000000 0.000000
