setid: 10
volid: 0
frameid: 990
name: 10000000990
num: 2
label: person
pos: 615.634552 158.558252 22.691389 65.927219
occl: 0
lock: 0
posv: 0.000000 0.000000 0.000000 0.000000
label: person
pos: 91.948583 178.695888 16.996407 37.671235
occl: 1
lock: 0
posv: 99.082396 178.695888 1.000000 37.671235
