setid: 10
volid: 7
frameid: 630
name: 10007000630
num: 1
label: person?
pos: 70.648649 202.120146 18.653385 30.729104
occl: 1
lock: 1
posv: 79.806187 202.120146 0.475248 30.121285
