setid: 10
volid: 3
frameid: 1380
name: 10003001380
num: 2
label: person
pos: 476.384626 184.689732 9.275362 19.323671
occl: 0
lock: 0
posv: 0.000000 0.000000 0.000000 0.000000
label: person
pos: 471.477023 184.400215 8.288221 19.113669
occl: 0
lock: 1
posv: 0.000000 0.000000 0.000000 0.000000
