setid: 10
volid: 1
frameid: 930
name: 10001000930
num: 4
label: person
pos: 322.303751 194.502415 13.545376 25.600029
occl: 1
lock: 0
posv: 322.303751 194.502415 13.545376 20.847083
label: person
pos: 461.616058 184.383897 25.579019 54.705883
occl: 0
lock: 0
posv: 0.000000 0.000000 0.000000 0.000000
label: person
pos: 471.608777 176.263640 20.869565 58.743961
occl: 1
lock: 0
posv: 479.634723 176.263640 1.000000 55.928527
label: person
pos: 334.413043 193.350242 16.582145 35.383235
occl: 1
lock: 0
posv: 334.413043 193.350242 13.913043 23.188406
