setid: 10
volid: 4
frameid: 1350
name: 10004001350
num: 1
label: person
pos: 521.043299 198.699810 13.140097 33.499858
occl: 0
lock: 0
posv: 0.000000 0.000000 0.000000 0.000000
