setid: 10
volid: 8
frameid: 1140
name: 10008001140
num: 2
label: people
pos: 81.638397 192.049971 31.411574 34.951456
occl: 0
lock: 1
posv: 0.000000 0.000000 0.000000 0.000000
label: person?
pos: 518.641062 192.688273 18.640777 31.067961
occl: 0
lock: 0
posv: 0.000000 0.000000 0.000000 0.000000
