setid: 10
volid: 0
frameid: 840
name: 10000000840
num: 2
label: person
pos: 516.831222 181.859223 22.524272 50.336320
occl: 0
lock: 1
posv: 0.000000 0.000000 0.000000 0.000000
label: person
pos: 1.149067 196.872855 13.179722 37.611555
occl: 1
lock: 1
posv: 4.471601 196.872855 9.857188 23.261223
