setid: 10
volid: 8
frameid: 690
name: 10008000690
num: 2
label: people
pos: 398.517742 191.470493 17.087379 32.621359
occl: 0
lock: 0
posv: 0.000000 0.000000 0.000000 0.000000
label: people
pos: 277.222730 190.202456 35.728155 35.151913
occl: 0
lock: 0
posv: 0.000000 0.000000 0.000000 0.000000
