setid: 10
volid: 4
frameid: 1620
name: 10004001620
num: 1
label: person
pos: 552.197308 197.851804 15.258691 33.499858
occl: 1
lock: 0
posv: 566.455999 197.851804 1.000000 33.499858
