setid: 10
volid: 1
frameid: 1290
name: 10001001290
num: 2
label: person
pos: 213.835443 193.017461 28.785195 49.193651
occl: 1
lock: 1
posv: 229.173801 193.058945 1.000000 37.248224
label: person
pos: 327.866721 193.384144 22.707002 44.789523
occl: 1
lock: 0
posv: 349.573723 193.967462 1.000000 35.027260
