setid: 10
volid: 5
frameid: 1590
name: 10005001590
num: 1
label: person
pos: 373.045467 183.134413 13.140097 33.430094
occl: 0
lock: 1
posv: 0.000000 0.000000 0.000000 0.000000
