setid: 10
volid: 4
frameid: 1380
name: 10004001380
num: 1
label: person
pos: 523.719949 198.114663 13.140097 33.499858
occl: 0
lock: 0
posv: 0.000000 0.000000 0.000000 0.000000
