setid: 10
volid: 9
frameid: 1110
name: 10009001110
num: 4
label: people
pos: 191.894209 173.043023 25.631068 24.077670
occl: 0
lock: 0
posv: 0.000000 0.000000 0.000000 0.000000
label: person
pos: 211.616773 173.526887 21.217862 45.567950
occl: 0
lock: 1
posv: 0.000000 0.000000 0.000000 0.000000
label: person
pos: 240.657722 169.341195 16.231884 42.512077
occl: 1
lock: 1
posv: 249.783565 169.341195 0.673267 42.512077
label: person
pos: 280.225871 166.563773 21.356352 45.657228
occl: 1
lock: 1
posv: 280.225871 166.563773 21.356352 45.657228
