setid: 10
volid: 8
frameid: 720
name: 10008000720
num: 4
label: people
pos: 351.076052 190.041570 18.739768 37.607513
occl: 0
lock: 0
posv: 0.000000 0.000000 0.000000 0.000000
label: people
pos: 255.374700 189.762593 47.596516 38.834951
occl: 0
lock: 0
posv: 0.000000 0.000000 0.000000 0.000000
label: person
pos: 139.000089 196.331597 10.796065 29.531892
occl: 1
lock: 0
posv: 139.135283 196.349490 10.660871 15.251545
label: person
pos: 393.307984 190.897160 23.300971 33.786408
occl: 0
lock: 0
posv: 0.000000 0.000000 0.000000 0.000000
