setid: 10
volid: 1
frameid: 1200
name: 10001001200
num: 3
label: person
pos: 351.096784 192.182887 27.641346 62.640855
occl: 1
lock: 1
posv: 363.397447 196.383205 1.224797 38.743878
label: person
pos: 326.484495 184.239025 29.447206 69.893642
occl: 1
lock: 1
posv: 339.407583 188.577579 0.712871 45.088879
label: person
pos: 343.774093 192.175362 18.651162 45.064717
occl: 1
lock: 1
posv: 351.994330 192.175362 0.723980 35.555556
