setid: 10
volid: 0
frameid: 930
name: 10000000930
num: 2
label: person
pos: 616.218121 161.366371 22.524272 57.653155
occl: 0
lock: 0
posv: 0.000000 0.000000 0.000000 0.000000
label: person
pos: 80.017675 178.707093 16.978730 36.473605
occl: 0
lock: 0
posv: 0.000000 0.000000 0.000000 0.000000
