setid: 10
volid: 8
frameid: 960
name: 10008000960
num: 1
label: people
pos: 605.571845 174.852104 26.407767 42.718447
occl: 0
lock: 0
posv: 0.000000 0.000000 0.000000 0.000000
