setid: 10
volid: 9
frameid: 1260
name: 10009001260
num: 4
label: people
pos: 225.191576 187.619333 35.728155 27.841476
occl: 0
lock: 0
posv: 0.000000 0.000000 0.000000 0.000000
label: person
pos: 41.193208 196.778877 22.101876 48.341539
occl: 1
lock: 0
posv: 54.750747 196.778877 1.000000 33.498320
label: person
pos: 255.841448 190.323980 14.226513 31.620135
occl: 1
lock: 0
posv: 269.066285 190.323980 1.000000 20.122144
label: person
pos: 143.593504 191.537930 28.334683 50.237198
occl: 1
lock: 1
posv: 143.593504 191.602143 28.019014 28.365830
