setid: 10
volid: 6
frameid: 630
name: 10006000630
num: 2
label: people
pos: 354.896135 189.717391 26.280193 36.869565
occl: 0
lock: 0
posv: 0.000000 0.000000 0.000000 0.000000
label: person
pos: 332.943535 188.658454 13.551861 30.144928
occl: 0
lock: 0
posv: 0.000000 0.000000 0.000000 0.000000
