setid: 10
volid: 0
frameid: 1320
name: 10000001320
num: 2
label: person
pos: 615.633352 165.077860 22.524272 59.616505
occl: 0
lock: 0
posv: 0.000000 0.000000 0.000000 0.000000
label: person
pos: 206.937514 181.022233 14.007492 34.769011
occl: 0
lock: 1
posv: 0.000000 0.000000 0.000000 0.000000
