setid: 10
volid: 0
frameid: 1440
name: 10000001440
num: 2
label: person
pos: 611.993528 165.077860 26.164097 59.616505
occl: 0
lock: 0
posv: 0.000000 0.000000 0.000000 0.000000
label: person
pos: 195.524950 180.463409 18.848394 35.516414
occl: 1
lock: 1
posv: 195.704082 182.221849 15.831858 13.890028
