setid: 10
volid: 2
frameid: 1470
name: 10002001470
num: 1
label: person
pos: 306.329293 201.299506 15.638676 35.882222
occl: 1
lock: 0
posv: 320.967969 201.333228 1.000000 35.839478
