setid: 10
volid: 4
frameid: 1770
name: 10004001770
num: 1
label: person
pos: 571.224354 197.441461 16.283319 37.724638
occl: 0
lock: 0
posv: 0.000000 0.000000 0.000000 0.000000
