setid: 10
volid: 9
frameid: 600
name: 10009000600
num: 6
label: person
pos: 472.419800 168.711937 17.683786 55.047350
occl: 0
lock: 0
posv: 0.000000 0.000000 0.000000 0.000000
label: person
pos: 357.385677 167.465598 29.162982 66.746957
occl: 1
lock: 0
posv: 357.385677 167.465598 21.771608 48.580231
label: person
pos: 319.344229 180.016844 18.225246 56.657463
occl: 1
lock: 0
posv: 324.146358 180.234782 11.414200 31.176240
label: person
pos: 300.230422 184.336799 21.237557 55.980201
occl: 1
lock: 0
posv: 309.053249 184.336799 1.000000 48.917719
label: person
pos: 487.308873 168.762553 21.985102 55.293179
occl: 0
lock: 0
posv: 0.000000 0.000000 0.000000 0.000000
label: person
pos: 398.307799 167.217223 30.948123 58.491634
occl: 1
lock: 0
posv: 398.307799 167.217223 28.396071 58.151635
