setid: 10
volid: 9
frameid: 1290
name: 10009001290
num: 3
label: person
pos: 8.681088 198.852941 22.101876 46.627540
occl: 0
lock: 0
posv: 0.000000 0.000000 0.000000 0.000000
label: person
pos: 292.361809 187.645204 15.522373 32.958324
occl: 1
lock: 1
posv: 298.048735 187.895926 0.658416 20.122144
label: person
pos: 111.395361 192.996478 26.622739 50.237198
occl: 1
lock: 0
posv: 111.395361 192.996478 26.622739 50.237198
