setid: 10
volid: 9
frameid: 1380
name: 10009001380
num: 1
label: person
pos: 26.034615 193.262993 24.878503 50.237198
occl: 1
lock: 0
posv: 49.913118 193.262993 1.000000 50.237198
