setid: 10
volid: 9
frameid: 270
name: 10009000270
num: 6
label: people
pos: 318.481481 192.641707 12.811357 22.415459
occl: 0
lock: 0
posv: 0.000000 0.000000 0.000000 0.000000
label: person
pos: 445.664313 183.180375 15.468548 41.750021
occl: 0
lock: 0
posv: 0.000000 0.000000 0.000000 0.000000
label: person
pos: 439.813169 189.463377 9.672315 31.204106
occl: 0
lock: 0
posv: 0.000000 0.000000 0.000000 0.000000
label: person
pos: 213.215547 197.020361 13.980583 23.630950
occl: 1
lock: 0
posv: 216.379100 199.492314 10.014307 18.644706
label: person
pos: 110.641996 199.723045 15.161617 31.905488
occl: 0
lock: 0
posv: 0.000000 0.000000 0.000000 0.000000
label: person
pos: 428.281703 186.364734 12.639955 31.690821
occl: 0
lock: 0
posv: 0.000000 0.000000 0.000000 0.000000
