setid: 10
volid: 6
frameid: 1170
name: 10006001170
num: 2
label: person
pos: 132.562880 195.711344 12.373096 18.481239
occl: 0
lock: 0
posv: 0.000000 0.000000 0.000000 0.000000
label: person
pos: 115.741354 194.721308 11.214807 21.215795
occl: 1
lock: 1
posv: 117.070858 196.828502 9.187596 14.222222
