setid: 10
volid: 6
frameid: 1620
name: 10006001620
num: 2
label: person
pos: 317.895210 185.575044 14.627370 38.985808
occl: 0
lock: 1
posv: 0.000000 0.000000 0.000000 0.000000
label: person
pos: 421.628868 177.891304 17.508173 35.124129
occl: 1
lock: 0
posv: 421.628868 178.222567 14.453114 34.350952
