setid: 10
volid: 0
frameid: 1740
name: 10000001740
num: 2
label: person
pos: 577.640586 168.773939 27.984009 65.458048
occl: 0
lock: 0
posv: 0.000000 0.000000 0.000000 0.000000
label: person
pos: 94.819858 182.996822 16.231884 36.796339
occl: 0
lock: 0
posv: 0.000000 0.000000 0.000000 0.000000
