setid: 10
volid: 9
frameid: 690
name: 10009000690
num: 3
label: person
pos: 51.183230 189.716356 27.416717 70.328157
occl: 0
lock: 0
posv: 0.000000 0.000000 0.000000 0.000000
label: person
pos: 78.959221 187.783887 32.845126 72.039784
occl: 0
lock: 1
posv: 0.000000 0.000000 0.000000 0.000000
label: person
pos: 214.142512 185.979540 30.144928 61.476982
occl: 0
lock: 0
posv: 0.000000 0.000000 0.000000 0.000000
