setid: 10
volid: 1
frameid: 720
name: 10001000720
num: 2
label: person
pos: 326.229047 195.934332 14.415350 28.021560
occl: 1
lock: 0
posv: 326.229047 195.934332 13.657379 25.407972
label: person
pos: 327.592832 195.834605 13.913043 26.860793
occl: 1
lock: 0
posv: 328.641707 196.235910 12.864168 21.024155
