setid: 10
volid: 8
frameid: 1050
name: 10008001050
num: 3
label: people
pos: 611.920453 192.972492 25.919353 42.718447
occl: 0
lock: 0
posv: 0.000000 0.000000 0.000000 0.000000
label: people
pos: 86.485913 187.296117 24.854369 34.951456
occl: 0
lock: 1
posv: 0.000000 0.000000 0.000000 0.000000
label: person?
pos: 517.758709 189.256901 18.640777 31.067961
occl: 0
lock: 0
posv: 0.000000 0.000000 0.000000 0.000000
