setid: 10
volid: 8
frameid: 300
name: 10008000300
num: 4
label: person
pos: 86.268135 190.719238 14.685990 37.535656
occl: 0
lock: 0
posv: 0.000000 0.000000 0.000000 0.000000
label: person
pos: 66.706115 193.096601 11.286309 30.401423
occl: 0
lock: 1
posv: 0.000000 0.000000 0.000000 0.000000
label: person
pos: 114.229590 190.310442 16.861475 30.338185
occl: 1
lock: 1
posv: 114.229590 190.434887 15.707821 20.970874
label: person
pos: 488.118127 179.949891 27.704237 52.950755
occl: 1
lock: 0
posv: 488.118127 181.719693 13.887964 12.720336
