setid: 10
volid: 8
frameid: 120
name: 10008000120
num: 2
label: person
pos: 510.400775 142.393360 53.260477 143.751036
occl: 1
lock: 0
posv: 510.400775 142.393360 53.260477 143.751036
label: person
pos: 478.954106 133.678744 40.035521 151.652174
occl: 0
lock: 0
posv: 0.000000 0.000000 0.000000 0.000000
