setid: 10
volid: 6
frameid: 1230
name: 10006001230
num: 2
label: person
pos: 71.862504 201.234300 13.140097 20.869565
occl: 0
lock: 0
posv: 0.000000 0.000000 0.000000 0.000000
label: person
pos: 60.050753 200.774055 13.345979 22.283603
occl: 0
lock: 0
posv: 0.000000 0.000000 0.000000 0.000000
