setid: 10
volid: 9
frameid: 1320
name: 10009001320
num: 2
label: person
pos: 293.768680 182.792218 17.151050 42.272031
occl: 1
lock: 0
posv: 294.625540 185.125279 13.505039 18.125413
label: person
pos: 86.204443 193.099677 24.452930 50.235637
occl: 1
lock: 0
posv: 92.130571 193.137517 8.884401 50.189704
