setid: 10
volid: 9
frameid: 1680
name: 10009001680
num: 2
label: people
pos: 229.621645 177.899486 54.373501 48.155340
occl: 0
lock: 1
posv: 0.000000 0.000000 0.000000 0.000000
label: person
pos: 393.166476 176.178279 26.407767 61.991053
occl: 0
lock: 0
posv: 0.000000 0.000000 0.000000 0.000000
