setid: 10
volid: 0
frameid: 1530
name: 10000001530
num: 2
label: person
pos: 611.993528 165.077860 26.164097 59.616505
occl: 0
lock: 0
posv: 0.000000 0.000000 0.000000 0.000000
label: person
pos: 126.841348 183.301932 18.157009 28.506630
occl: 1
lock: 0
posv: 126.943767 183.301932 18.054590 11.808677
