setid: 10
volid: 2
frameid: 510
name: 10002000510
num: 1
label: person
pos: 379.514013 191.127081 12.530623 21.562668
occl: 1
lock: 1
posv: 379.514013 191.140393 12.372555 13.512511
