setid: 10
volid: 9
frameid: 420
name: 10009000420
num: 2
label: person
pos: 347.908837 181.250620 14.737633 29.905222
occl: 1
lock: 1
posv: 362.168742 181.250620 0.477727 29.905222
label: person
pos: 155.488131 187.646642 15.403145 30.422719
occl: 1
lock: 0
posv: 161.908787 187.646642 1.000000 26.805149
