setid: 10
volid: 0
frameid: 1290
name: 10000001290
num: 2
label: person
pos: 615.633352 165.077860 22.524272 59.616505
occl: 0
lock: 0
posv: 0.000000 0.000000 0.000000 0.000000
label: person
pos: 206.645887 181.022233 13.720298 35.516414
occl: 0
lock: 1
posv: 0.000000 0.000000 0.000000 0.000000
