setid: 10
volid: 8
frameid: 630
name: 10008000630
num: 1
label: people
pos: 201.898058 194.241291 19.728155 32.045117
occl: 0
lock: 0
posv: 0.000000 0.000000 0.000000 0.000000
