setid: 10
volid: 1
frameid: 690
name: 10001000690
num: 1
label: person
pos: 331.173071 197.314989 16.157094 29.306309
occl: 1
lock: 0
posv: 331.173071 198.367150 16.157094 25.529980
