setid: 10
volid: 1
frameid: 210
name: 10001000210
num: 2
label: person
pos: 419.817539 185.676703 19.077424 50.281182
occl: 1
lock: 0
posv: 419.817539 185.745429 17.252346 15.913857
label: person
pos: 29.419011 212.513924 15.458937 36.328502
occl: 0
lock: 0
posv: 0.000000 0.000000 0.000000 0.000000
