setid: 10
volid: 9
frameid: 1170
name: 10009001170
num: 3
label: person
pos: 159.159011 188.049730 7.875543 48.341539
occl: 0
lock: 0
posv: 0.000000 0.000000 0.000000 0.000000
label: person
pos: 260.507139 181.774224 12.551101 27.736868
occl: 1
lock: 0
posv: 265.849017 181.774224 1.023920 27.736868
label: person
pos: 246.458006 175.251662 25.945840 49.586570
occl: 1
lock: 0
posv: 263.800364 176.084996 1.049814 48.753236
