setid: 10
volid: 0
frameid: 870
name: 10000000870
num: 2
label: person
pos: 528.255599 174.491378 22.524272 54.200391
occl: 0
lock: 0
posv: 0.000000 0.000000 0.000000 0.000000
label: person
pos: 4.560215 196.353407 13.973125 38.396821
occl: 1
lock: 0
posv: 5.476606 196.672916 11.606637 35.027618
