setid: 10
volid: 8
frameid: 510
name: 10008000510
num: 2
label: person?
pos: 462.630881 189.547745 18.491824 47.357014
occl: 1
lock: 0
posv: 463.302508 191.758043 15.317481 13.076072
label: person
pos: 440.089229 188.822748 21.846629 48.420386
occl: 1
lock: 0
posv: 440.089229 188.822748 17.087379 13.810570
