setid: 10
volid: 8
frameid: 360
name: 10008000360
num: 1
label: person
pos: 547.178606 161.982321 28.933672 69.264044
occl: 1
lock: 1
posv: 547.178606 161.982321 25.466134 25.642166
