setid: 10
volid: 9
frameid: 990
name: 10009000990
num: 3
label: person
pos: 494.413043 140.016908 20.096618 71.111111
occl: 0
lock: 1
posv: 0.000000 0.000000 0.000000 0.000000
label: person?
pos: 482.818841 147.305556 15.458937 54.547101
occl: 1
lock: 0
posv: 490.026724 147.305556 1.000000 53.208535
label: person
pos: 344.678247 155.736931 13.371981 25.365539
occl: 0
lock: 0
posv: 0.000000 0.000000 0.000000 0.000000
