setid: 10
volid: 8
frameid: 30
name: 10008000030
num: 3
label: person
pos: 468.672425 151.971820 27.877617 85.256039
occl: 0
lock: 0
posv: 0.000000 0.000000 0.000000 0.000000
label: person
pos: 387.189400 168.396562 22.579682 59.489969
occl: 1
lock: 0
posv: 401.466593 168.451527 1.000000 59.353354
label: person
pos: 353.350242 162.355072 23.188406 66.859903
occl: 1
lock: 0
posv: 363.050952 162.355072 1.235113 66.859903
