setid: 10
volid: 0
frameid: 1500
name: 10000001500
num: 2
label: person
pos: 611.993528 165.077860 26.164097 59.616505
occl: 0
lock: 0
posv: 0.000000 0.000000 0.000000 0.000000
label: person
pos: 196.530833 180.463409 18.848394 35.516414
occl: 1
lock: 0
posv: 205.517492 180.463409 1.000000 35.516414
