setid: 10
volid: 2
frameid: 1590
name: 10002001590
num: 1
label: person
pos: 112.603393 178.069461 21.175131 56.847341
occl: 1
lock: 0
posv: 121.667710 178.069461 1.143754 22.800707
