setid: 10
volid: 4
frameid: 1710
name: 10004001710
num: 1
label: person
pos: 562.414538 198.507351 15.508507 35.704091
occl: 0
lock: 0
posv: 0.000000 0.000000 0.000000 0.000000
