setid: 10
volid: 6
frameid: 1590
name: 10006001590
num: 2
label: people
pos: 549.256181 171.465899 30.953964 51.436175
occl: 0
lock: 0
posv: 0.000000 0.000000 0.000000 0.000000
label: person
pos: 319.038221 189.861845 12.461495 31.457761
occl: 0
lock: 0
posv: 0.000000 0.000000 0.000000 0.000000
