setid: 10
volid: 1
frameid: 270
name: 10001000270
num: 2
label: person
pos: 430.715046 182.885453 22.301636 59.608614
occl: 1
lock: 0
posv: 432.040046 182.885453 19.787440 20.676335
label: person
pos: 28.045656 215.599890 15.458937 27.369219
occl: 0
lock: 0
posv: 0.000000 0.000000 0.000000 0.000000
