setid: 10
volid: 0
frameid: 1110
name: 10000001110
num: 2
label: person
pos: 615.633352 160.420998 22.524272 59.616505
occl: 0
lock: 0
posv: 0.000000 0.000000 0.000000 0.000000
label: person
pos: 163.647370 180.262199 17.301331 33.821000
occl: 1
lock: 0
posv: 179.948701 180.594412 1.000000 23.240872
