setid: 10
volid: 6
frameid: 690
name: 10006000690
num: 2
label: people
pos: 443.302813 183.301932 47.433163 60.273828
occl: 0
lock: 0
posv: 0.000000 0.000000 0.000000 0.000000
label: person
pos: 380.472009 188.368258 15.609264 34.895567
occl: 0
lock: 0
posv: 0.000000 0.000000 0.000000 0.000000
