setid: 10
volid: 5
frameid: 1200
name: 10005001200
num: 1
label: person
pos: 373.045467 177.583241 13.140097 29.486665
occl: 1
lock: 0
posv: 374.447597 177.583241 9.738097 29.125950
