setid: 10
volid: 0
frameid: 900
name: 10000000900
num: 2
label: person
pos: 593.042913 165.916722 22.524272 55.432921
occl: 0
lock: 0
posv: 0.000000 0.000000 0.000000 0.000000
label: person
pos: 63.826395 186.348549 8.389439 38.871883
occl: 0
lock: 1
posv: 0.000000 0.000000 0.000000 0.000000
