setid: 10
volid: 1
frameid: 1440
name: 10001001440
num: 1
label: person
pos: 455.314114 189.019057 20.458363 47.239661
occl: 1
lock: 0
posv: 456.493638 189.442999 16.672442 18.386049
