setid: 10
volid: 11
frameid: 1350
name: 10011001350
num: 3
label: people
pos: 154.376375 196.230812 23.815857 23.333902
occl: 0
lock: 0
posv: 0.000000 0.000000 0.000000 0.000000
label: people
pos: 107.825920 195.725579 24.734300 30.022322
occl: 0
lock: 0
posv: 0.000000 0.000000 0.000000 0.000000
label: person
pos: 35.956569 198.432225 17.316993 29.388463
occl: 0
lock: 0
posv: 0.000000 0.000000 0.000000 0.000000
