setid: 10
volid: 11
frameid: 420
name: 10011000420
num: 2
label: person
pos: 422.452979 172.612504 51.326532 128.012456
occl: 0
lock: 0
posv: 0.000000 0.000000 0.000000 0.000000
label: people
pos: 231.417874 194.297101 45.485450 43.207729
occl: 0
lock: 0
posv: 0.000000 0.000000 0.000000 0.000000
