setid: 10
volid: 10
frameid: 1350
name: 10010001350
num: 3
label: person-fa
pos: 343.212918 157.903847 24.375817 82.662912
occl: 1
lock: 0
posv: 365.451411 157.903847 1.192079 75.462653
label: person-fa
pos: 221.299264 162.849208 20.618585 73.029045
occl: 1
lock: 0
posv: 237.815941 162.849208 1.251421 73.024240
label: person-fa
pos: 202.502245 157.672589 22.194160 77.243789
occl: 1
lock: 1
posv: 217.848563 157.686942 1.222772 77.229436
