setid: 10
volid: 10
frameid: 510
name: 10010000510
num: 1
label: person
pos: 250.388622 137.268785 78.202899 166.183575
occl: 0
lock: 0
posv: 0.000000 0.000000 0.000000 0.000000
