setid: 10
volid: 11
frameid: 480
name: 10011000480
num: 4
label: person
pos: 462.052335 167.684664 58.990888 156.654305
occl: 0
lock: 0
posv: 0.000000 0.000000 0.000000 0.000000
label: people
pos: 244.627330 195.929507 48.695652 45.603865
occl: 0
lock: 0
posv: 0.000000 0.000000 0.000000 0.000000
label: person
pos: 530.921961 146.896135 58.786428 174.670531
occl: 0
lock: 0
posv: 0.000000 0.000000 0.000000 0.000000
label: person
pos: 598.411557 158.047380 42.088443 165.470085
occl: 0
lock: 0
posv: 0.000000 0.000000 0.000000 0.000000
