setid: 10
volid: 11
frameid: 330
name: 10011000330
num: 3
label: person
pos: 507.954216 170.616141 51.469401 112.663891
occl: 0
lock: 0
posv: 0.000000 0.000000 0.000000 0.000000
label: person
pos: 396.517844 183.069043 39.954551 100.244960
occl: 0
lock: 0
posv: 0.000000 0.000000 0.000000 0.000000
label: people
pos: 234.907572 193.814010 52.720103 46.703394
occl: 0
lock: 0
posv: 0.000000 0.000000 0.000000 0.000000
