setid: 10
volid: 10
frameid: 1500
name: 10010001500
num: 2
label: person
pos: 242.432367 123.398551 95.458937 250.177134
occl: 0
lock: 0
posv: 0.000000 0.000000 0.000000 0.000000
label: person
pos: 345.825031 122.946643 94.200909 233.115047
occl: 0
lock: 0
posv: 0.000000 0.000000 0.000000 0.000000
