setid: 10
volid: 11
frameid: 1620
name: 10011001620
num: 3
label: person
pos: 262.511988 176.958506 27.920617 68.168676
occl: 1
lock: 0
posv: 282.263665 176.958506 1.070407 67.540216
label: person
pos: 195.358056 189.001225 32.699062 60.626348
occl: 1
lock: 0
posv: 217.784494 189.001225 1.179217 60.626348
label: person
pos: 82.741546 195.669082 13.140097 33.236715
occl: 0
lock: 0
posv: 0.000000 0.000000 0.000000 0.000000
