setid: 10
volid: 10
frameid: 300
name: 10010000300
num: 4
label: person
pos: 207.566404 191.086611 12.643202 31.580400
occl: 0
lock: 0
posv: 0.000000 0.000000 0.000000 0.000000
label: person
pos: 197.668961 192.770531 12.753623 30.724638
occl: 0
lock: 0
posv: 0.000000 0.000000 0.000000 0.000000
label: person
pos: 182.722222 187.398551 13.913043 32.579710
occl: 0
lock: 0
posv: 0.000000 0.000000 0.000000 0.000000
label: person
pos: 215.817690 191.804348 9.064257 29.715861
occl: 1
lock: 0
posv: 215.817690 191.804348 9.064257 29.715861
