setid: 10
volid: 10
frameid: 1080
name: 10010001080
num: 5
label: person-fa
pos: 483.925647 168.581958 16.328502 45.024155
occl: 0
lock: 0
posv: 0.000000 0.000000 0.000000 0.000000
label: person-fa
pos: 428.936203 172.441176 11.138221 38.848480
occl: 0
lock: 0
posv: 0.000000 0.000000 0.000000 0.000000
label: person-fa
pos: 418.121533 172.501876 13.539180 40.124183
occl: 0
lock: 0
posv: 0.000000 0.000000 0.000000 0.000000
label: person
pos: 175.309493 180.694154 24.733305 46.471867
occl: 0
lock: 0
posv: 0.000000 0.000000 0.000000 0.000000
label: person
pos: 623.495169 173.699488 15.700909 83.032396
occl: 0
lock: 1
posv: 0.000000 0.000000 0.000000 0.000000
