setid: 10
volid: 11
frameid: 1590
name: 10011001590
num: 2
label: person
pos: 236.315061 171.064962 23.464535 66.762859
occl: 0
lock: 0
posv: 0.000000 0.000000 0.000000 0.000000
label: person
pos: 183.964535 187.245588 23.663939 52.912411
occl: 0
lock: 0
posv: 0.000000 0.000000 0.000000 0.000000
