setid: 10
volid: 11
frameid: 180
name: 10011000180
num: 3
label: person
pos: 469.884433 178.614436 27.338858 69.145610
occl: 0
lock: 0
posv: 0.000000 0.000000 0.000000 0.000000
label: person
pos: 334.404561 183.869860 18.008007 44.089249
occl: 1
lock: 0
posv: 337.893998 183.869860 9.678666 44.057971
label: person
pos: 432.005411 184.745172 27.022222 71.292890
occl: 0
lock: 0
posv: 0.000000 0.000000 0.000000 0.000000
