setid: 10
volid: 10
frameid: 1110
name: 10010001110
num: 4
label: person-fa
pos: 526.779572 155.282609 16.908213 50.821256
occl: 0
lock: 0
posv: 0.000000 0.000000 0.000000 0.000000
label: person-fa
pos: 460.541574 159.636743 12.298096 44.838619
occl: 0
lock: 0
posv: 0.000000 0.000000 0.000000 0.000000
label: person-fa
pos: 448.492114 158.168542 14.501932 45.935948
occl: 0
lock: 0
posv: 0.000000 0.000000 0.000000 0.000000
label: person
pos: 140.205618 170.707222 26.588377 49.254476
occl: 0
lock: 0
posv: 0.000000 0.000000 0.000000 0.000000
