setid: 10
volid: 11
frameid: 450
name: 10011000450
num: 3
label: person
pos: 437.818201 169.481742 52.849673 141.163186
occl: 0
lock: 0
posv: 0.000000 0.000000 0.000000 0.000000
label: people
pos: 241.601831 195.295618 47.536232 44.734300
occl: 0
lock: 0
posv: 0.000000 0.000000 0.000000 0.000000
label: person
pos: 559.403234 139.359903 73.785416 199.675362
occl: 0
lock: 0
posv: 0.000000 0.000000 0.000000 0.000000
