setid: 10
volid: 11
frameid: 1320
name: 10011001320
num: 3
label: people
pos: 171.274246 196.473207 23.815857 23.333902
occl: 0
lock: 0
posv: 0.000000 0.000000 0.000000 0.000000
label: people
pos: 116.375776 199.533816 13.913043 24.734300
occl: 0
lock: 0
posv: 0.000000 0.000000 0.000000 0.000000
label: person
pos: 76.524628 197.456143 13.894856 28.100218
occl: 0
lock: 0
posv: 0.000000 0.000000 0.000000 0.000000
