setid: 10
volid: 11
frameid: 1170
name: 10011001170
num: 6
label: people
pos: 222.744999 188.586695 19.934249 20.384377
occl: 0
lock: 0
posv: 0.000000 0.000000 0.000000 0.000000
label: person
pos: 186.490621 192.573894 13.913043 18.550725
occl: 1
lock: 0
posv: 186.490621 192.573894 13.913043 18.550725
label: person
pos: 482.619173 173.221927 14.989991 49.773084
occl: 0
lock: 0
posv: 0.000000 0.000000 0.000000 0.000000
label: person
pos: 404.484068 159.959492 57.198068 114.009804
occl: 0
lock: 0
posv: 0.000000 0.000000 0.000000 0.000000
label: person
pos: 494.932879 171.758681 23.915210 58.499361
occl: 0
lock: 1
posv: 0.000000 0.000000 0.000000 0.000000
label: person
pos: 517.228722 166.968468 25.959665 65.591787
occl: 0
lock: 1
posv: 0.000000 0.000000 0.000000 0.000000
