setid: 10
volid: 11
frameid: 570
name: 10011000570
num: 6
label: people
pos: 213.833333 197.369565 48.695652 47.149758
occl: 0
lock: 0
posv: 0.000000 0.000000 0.000000 0.000000
label: person
pos: 375.768186 186.994346 40.323102 103.134087
occl: 0
lock: 0
posv: 0.000000 0.000000 0.000000 0.000000
label: people
pos: 614.089109 168.383683 26.410891 124.846527
occl: 0
lock: 1
posv: 0.000000 0.000000 0.000000 0.000000
label: person
pos: 400.598986 156.557971 60.289855 152.219002
occl: 0
lock: 0
posv: 0.000000 0.000000 0.000000 0.000000
label: person
pos: 466.933057 168.615942 50.241546 138.357488
occl: 0
lock: 0
posv: 0.000000 0.000000 0.000000 0.000000
label: person
pos: 534.251163 145.922192 63.962652 166.867101
occl: 0
lock: 0
posv: 0.000000 0.000000 0.000000 0.000000
