setid: 10
volid: 11
frameid: 990
name: 10011000990
num: 4
label: people
pos: 256.713481 193.184424 20.096618 20.096618
occl: 0
lock: 0
posv: 0.000000 0.000000 0.000000 0.000000
label: person
pos: 405.524155 184.003647 15.768116 36.019324
occl: 0
lock: 0
posv: 0.000000 0.000000 0.000000 0.000000
label: person
pos: 139.834374 190.579986 22.151126 49.371144
occl: 0
lock: 0
posv: 0.000000 0.000000 0.000000 0.000000
label: person
pos: 425.138549 180.885606 14.161491 38.495514
occl: 0
lock: 0
posv: 0.000000 0.000000 0.000000 0.000000
