setid: 10
volid: 11
frameid: 60
name: 10011000060
num: 3
label: person
pos: 463.402276 176.639054 27.053140 68.019324
occl: 1
lock: 0
posv: 485.187418 176.639331 1.099135 67.609141
label: person
pos: 346.007246 182.528986 17.004831 44.057971
occl: 1
lock: 0
posv: 361.425579 182.528986 1.000000 44.057971
label: person
pos: 441.419564 181.126252 25.342351 65.684599
occl: 1
lock: 0
posv: 465.632598 181.126252 1.012376 63.933571
