setid: 10
volid: 10
frameid: 240
name: 10010000240
num: 1
label: person?
pos: 495.395630 179.164207 24.776633 61.446571
occl: 1
lock: 1
posv: 495.395630 179.528782 22.332206 17.163909
