setid: 10
volid: 11
frameid: 630
name: 10011000630
num: 6
label: people
pos: 172.094203 199.533816 48.695652 49.468599
occl: 0
lock: 1
posv: 0.000000 0.000000 0.000000 0.000000
label: person
pos: 266.231280 200.059514 39.452436 102.852551
occl: 0
lock: 0
posv: 0.000000 0.000000 0.000000 0.000000
label: people
pos: 490.621842 163.800721 109.114947 142.966175
occl: 0
lock: 0
posv: 0.000000 0.000000 0.000000 0.000000
label: person
pos: 299.003338 164.596618 60.289855 140.676329
occl: 0
lock: 0
posv: 0.000000 0.000000 0.000000 0.000000
label: person
pos: 376.909776 171.555556 50.241546 131.553140
occl: 0
lock: 0
posv: 0.000000 0.000000 0.000000 0.000000
label: person
pos: 445.689336 151.916501 59.196731 158.553638
occl: 0
lock: 0
posv: 0.000000 0.000000 0.000000 0.000000
