setid: 10
volid: 11
frameid: 360
name: 10011000360
num: 3
label: person
pos: 549.130686 166.905996 51.910095 122.248432
occl: 0
lock: 0
posv: 0.000000 0.000000 0.000000 0.000000
label: person
pos: 397.478589 179.135602 41.095287 109.297276
occl: 0
lock: 0
posv: 0.000000 0.000000 0.000000 0.000000
label: people
pos: 227.617224 194.741546 55.715074 50.295420
occl: 0
lock: 0
posv: 0.000000 0.000000 0.000000 0.000000
