setid: 10
volid: 10
frameid: 330
name: 10010000330
num: 6
label: person
pos: 206.778878 192.080400 12.974465 34.230504
occl: 0
lock: 0
posv: 0.000000 0.000000 0.000000 0.000000
label: person
pos: 193.142956 194.224069 13.526570 35.011722
occl: 0
lock: 0
posv: 0.000000 0.000000 0.000000 0.000000
label: person
pos: 179.823671 190.876812 13.913043 34.318841
occl: 0
lock: 0
posv: 0.000000 0.000000 0.000000 0.000000
label: person
pos: 166.297101 192.190821 13.526570 32.850242
occl: 0
lock: 1
posv: 0.000000 0.000000 0.000000 0.000000
label: person?
pos: 152.770531 197.935023 11.594203 27.980274
occl: 1
lock: 0
posv: 156.308676 197.935023 8.016484 27.980274
label: person
pos: 213.875494 191.804348 10.626201 33.859317
occl: 0
lock: 0
posv: 0.000000 0.000000 0.000000 0.000000
