setid: 10
volid: 10
frameid: 420
name: 10010000420
num: 7
label: person
pos: 232.166895 184.900824 16.526611 57.094644
occl: 0
lock: 0
posv: 0.000000 0.000000 0.000000 0.000000
label: person
pos: 212.550369 188.712560 16.294189 54.192882
occl: 0
lock: 0
posv: 0.000000 0.000000 0.000000 0.000000
label: person
pos: 198.080038 184.381517 17.823704 51.674559
occl: 0
lock: 0
posv: 0.000000 0.000000 0.000000 0.000000
label: person
pos: 171.677960 191.547997 17.030492 47.114436
occl: 0
lock: 0
posv: 0.000000 0.000000 0.000000 0.000000
label: person
pos: 136.392477 198.907040 23.188406 47.149758
occl: 0
lock: 0
posv: 0.000000 0.000000 0.000000 0.000000
label: person?
pos: 154.759852 193.452286 16.968723 44.533122
occl: 0
lock: 0
posv: 0.000000 0.000000 0.000000 0.000000
label: person
pos: 246.086900 185.617619 12.815004 56.606706
occl: 0
lock: 0
posv: 0.000000 0.000000 0.000000 0.000000
