setid: 10
volid: 10
frameid: 1410
name: 10010001410
num: 3
label: person-fa
pos: 236.629572 157.802379 24.468812 82.808042
occl: 0
lock: 0
posv: 0.000000 0.000000 0.000000 0.000000
label: person-fa
pos: 114.642711 161.442711 20.272748 76.085109
occl: 0
lock: 0
posv: 0.000000 0.000000 0.000000 0.000000
label: person-fa
pos: 95.800693 159.917164 24.372069 79.809889
occl: 0
lock: 0
posv: 0.000000 0.000000 0.000000 0.000000
