setid: 10
volid: 11
frameid: 270
name: 10011000270
num: 3
label: person
pos: 458.051777 177.774641 37.439045 95.435244
occl: 0
lock: 0
posv: 0.000000 0.000000 0.000000 0.000000
label: person
pos: 397.824453 186.432793 34.762504 84.355428
occl: 0
lock: 0
posv: 0.000000 0.000000 0.000000 0.000000
label: people
pos: 255.550380 191.958937 42.158730 37.554175
occl: 0
lock: 0
posv: 0.000000 0.000000 0.000000 0.000000
