setid: 10
volid: 11
frameid: 1050
name: 10011001050
num: 6
label: people
pos: 249.626651 185.146394 20.096618 20.096618
occl: 0
lock: 0
posv: 0.000000 0.000000 0.000000 0.000000
label: person
pos: 439.533816 174.799517 16.231884 40.193237
occl: 0
lock: 1
posv: 0.000000 0.000000 0.000000 0.000000
label: person
pos: 464.675714 172.201009 14.153388 43.720177
occl: 1
lock: 0
posv: 469.875387 172.290240 1.000000 23.961353
label: person
pos: 177.390255 165.028604 36.374806 78.869446
occl: 0
lock: 0
posv: 0.000000 0.000000 0.000000 0.000000
label: person
pos: 451.554135 171.733305 17.469309 49.025149
occl: 0
lock: 0
posv: 0.000000 0.000000 0.000000 0.000000
label: person
pos: 473.159311 169.829582 18.520205 51.097471
occl: 0
lock: 0
posv: 0.000000 0.000000 0.000000 0.000000
