setid: 10
volid: 10
frameid: 960
name: 10010000960
num: 3
label: person
pos: 183.351378 186.811168 15.458937 26.808081
occl: 1
lock: 1
posv: 190.283452 187.826019 0.405941 25.793230
label: people
pos: 23.401752 195.462963 22.097793 25.507246
occl: 0
lock: 0
posv: 0.000000 0.000000 0.000000 0.000000
label: person
pos: 418.909756 180.339297 35.403475 77.740765
occl: 0
lock: 0
posv: 0.000000 0.000000 0.000000 0.000000
