setid: 10
volid: 11
frameid: 300
name: 10011000300
num: 3
label: person
pos: 476.947215 174.285124 42.791006 103.239031
occl: 0
lock: 0
posv: 0.000000 0.000000 0.000000 0.000000
label: person
pos: 393.965402 185.891731 38.442906 91.326179
occl: 0
lock: 0
posv: 0.000000 0.000000 0.000000 0.000000
label: people
pos: 248.273637 192.886473 44.146308 39.249137
occl: 0
lock: 0
posv: 0.000000 0.000000 0.000000 0.000000
