setid: 10
volid: 10
frameid: 480
name: 10010000480
num: 1
label: person
pos: 561.119388 117.671599 55.594203 142.995169
occl: 0
lock: 0
posv: 0.000000 0.000000 0.000000 0.000000
