setid: 10
volid: 10
frameid: 990
name: 10010000990
num: 3
label: person
pos: 158.305627 189.085109 15.458937 27.795112
occl: 0
lock: 0
posv: 0.000000 0.000000 0.000000 0.000000
label: person
pos: 397.214976 183.495169 18.937198 32.463768
occl: 0
lock: 0
posv: 0.000000 0.000000 0.000000 0.000000
label: person
pos: 486.772950 165.495714 62.646147 128.984436
occl: 1
lock: 0
posv: 486.772950 165.495714 62.646147 128.984436
