setid: 10
volid: 10
frameid: 270
name: 10010000270
num: 1
label: person?
pos: 582.279793 171.599533 23.165011 66.690252
occl: 1
lock: 0
posv: 585.437677 171.599533 19.544431 17.844219
