setid: 10
volid: 10
frameid: 1320
name: 10010001320
num: 3
label: person-fa
pos: 432.478261 155.373117 24.375817 77.615090
occl: 0
lock: 0
posv: 0.000000 0.000000 0.000000 0.000000
label: person-fa
pos: 317.326507 160.752405 20.927764 70.241631
occl: 0
lock: 0
posv: 0.000000 0.000000 0.000000 0.000000
label: person-fa
pos: 296.703429 157.415688 22.194160 74.732223
occl: 0
lock: 0
posv: 0.000000 0.000000 0.000000 0.000000
