setid: 10
volid: 10
frameid: 390
name: 10010000390
num: 7
label: person
pos: 217.673198 187.261118 16.721991 48.148029
occl: 0
lock: 0
posv: 0.000000 0.000000 0.000000 0.000000
label: person
pos: 204.044254 189.052288 15.072464 46.605925
occl: 0
lock: 0
posv: 0.000000 0.000000 0.000000 0.000000
label: person
pos: 187.773098 188.258377 14.291986 44.269455
occl: 0
lock: 0
posv: 0.000000 0.000000 0.000000 0.000000
label: person
pos: 167.356493 194.701620 16.703751 37.122478
occl: 0
lock: 1
posv: 0.000000 0.000000 0.000000 0.000000
label: person
pos: 134.272379 198.208765 21.863354 42.512077
occl: 0
lock: 0
posv: 0.000000 0.000000 0.000000 0.000000
label: person?
pos: 155.497513 194.655229 13.726982 37.539855
occl: 0
lock: 1
posv: 0.000000 0.000000 0.000000 0.000000
label: person
pos: 230.276193 187.828772 11.249250 46.366467
occl: 0
lock: 0
posv: 0.000000 0.000000 0.000000 0.000000
