setid: 10
volid: 10
frameid: 1770
name: 10010001770
num: 2
label: person?
pos: 552.828746 188.514329 19.668522 64.421500
occl: 1
lock: 1
posv: 552.828746 188.514329 16.753380 19.317310
label: person
pos: 530.009352 184.676060 18.064633 60.282744
occl: 1
lock: 1
posv: 530.231931 186.136071 17.842054 15.392237
