setid: 10
volid: 11
frameid: 30
name: 10011000030
num: 3
label: person
pos: 459.536125 176.019557 27.053140 68.019324
occl: 0
lock: 0
posv: 0.000000 0.000000 0.000000 0.000000
label: person
pos: 347.948606 182.528986 15.063472 44.057971
occl: 0
lock: 0
posv: 0.000000 0.000000 0.000000 0.000000
label: person
pos: 437.514646 179.928260 25.033172 64.901771
occl: 0
lock: 0
posv: 0.000000 0.000000 0.000000 0.000000
