setid: 10
volid: 11
frameid: 1650
name: 10011001650
num: 4
label: person
pos: 287.837055 179.687670 26.562330 69.412241
occl: 0
lock: 0
posv: 0.000000 0.000000 0.000000 0.000000
label: person
pos: 212.059037 189.676471 32.699062 63.329852
occl: 0
lock: 0
posv: 0.000000 0.000000 0.000000 0.000000
label: person
pos: 59.645720 199.933614 14.685990 38.647343
occl: 1
lock: 0
posv: 72.607674 199.933614 1.000000 38.647343
label: person
pos: 69.682713 205.093670 14.264733 33.484570
occl: 1
lock: 0
posv: 82.947446 205.093670 1.000000 32.128790
