setid: 10
volid: 10
frameid: 120
name: 10010000120
num: 1
label: person
pos: 525.654050 178.152203 25.282138 56.764599
occl: 1
lock: 0
posv: 536.986568 178.418546 1.000000 25.094853
