setid: 10
volid: 11
frameid: 1380
name: 10011001380
num: 2
label: people
pos: 140.168599 196.264024 23.815857 23.333902
occl: 0
lock: 0
posv: 0.000000 0.000000 0.000000 0.000000
label: people
pos: 104.329022 193.275864 24.734300 30.843245
occl: 0
lock: 0
posv: 0.000000 0.000000 0.000000 0.000000
