setid: 10
volid: 11
frameid: 870
name: 10011000870
num: 4
label: person
pos: 191.389694 191.019059 19.094203 37.874396
occl: 0
lock: 0
posv: 0.000000 0.000000 0.000000 0.000000
label: person
pos: 163.189294 190.836079 19.626078 40.991172
occl: 0
lock: 0
posv: 0.000000 0.000000 0.000000 0.000000
label: person
pos: 104.332528 195.453585 14.226462 28.319837
occl: 1
lock: 0
posv: 104.332528 196.041821 12.667740 24.302017
label: person
pos: 125.338525 194.754377 16.514945 28.176722
occl: 0
lock: 0
posv: 0.000000 0.000000 0.000000 0.000000
