setid: 10
volid: 10
frameid: 630
name: 10010000630
num: 7
label: people
pos: 103.925973 201.079710 39.420290 30.144928
occl: 0
lock: 0
posv: 0.000000 0.000000 0.000000 0.000000
label: person
pos: 39.147343 196.132850 14.685990 36.328502
occl: 0
lock: 0
posv: 0.000000 0.000000 0.000000 0.000000
label: people
pos: 271.952751 202.796866 14.273752 21.590982
occl: 0
lock: 0
posv: 0.000000 0.000000 0.000000 0.000000
label: person
pos: 514.509662 180.210145 23.188406 60.289855
occl: 1
lock: 1
posv: 514.509662 180.306763 21.545894 22.415459
label: person
pos: 586.964025 172.508346 26.315291 75.487615
occl: 1
lock: 0
posv: 587.920683 173.606222 25.358633 25.509305
label: person
pos: 399.135777 190.255963 29.667314 47.564543
occl: 0
lock: 0
posv: 0.000000 0.000000 0.000000 0.000000
label: person
pos: 429.520056 197.127069 17.770964 30.667091
occl: 1
lock: 0
posv: 429.520056 198.604147 13.176958 14.389745
