setid: 10
volid: 11
frameid: 1530
name: 10011001530
num: 3
label: people
pos: 86.297101 192.577295 33.236715 32.167298
occl: 0
lock: 1
posv: 0.000000 0.000000 0.000000 0.000000
label: person
pos: 174.682329 187.427994 20.430866 44.701493
occl: 1
lock: 0
posv: 187.059934 187.427994 1.025272 44.701493
label: person
pos: 140.364734 188.686795 23.188406 45.719807
occl: 0
lock: 1
posv: 0.000000 0.000000 0.000000 0.000000
