setid: 10
volid: 10
frameid: 870
name: 10010000870
num: 7
label: people
pos: 83.491297 198.084399 21.713271 25.410770
occl: 0
lock: 0
posv: 0.000000 0.000000 0.000000 0.000000
label: person
pos: 485.665104 195.860045 17.004831 40.193237
occl: 0
lock: 0
posv: 0.000000 0.000000 0.000000 0.000000
label: person
pos: 28.004600 190.141269 16.386509 33.147139
occl: 0
lock: 0
posv: 0.000000 0.000000 0.000000 0.000000
label: person
pos: 138.262099 193.656087 14.685990 23.961353
occl: 0
lock: 0
posv: 0.000000 0.000000 0.000000 0.000000
label: person
pos: 503.208026 195.534492 21.531556 54.412578
occl: 0
lock: 0
posv: 0.000000 0.000000 0.000000 0.000000
label: person
pos: 522.646196 195.265022 22.261555 56.923381
occl: 0
lock: 0
posv: 0.000000 0.000000 0.000000 0.000000
label: person
pos: 339.004766 196.018500 18.937198 41.352657
occl: 0
lock: 0
posv: 0.000000 0.000000 0.000000 0.000000
