setid: 10
volid: 11
frameid: 1020
name: 10011001020
num: 5
label: people
pos: 250.979769 189.371115 20.096618 20.096618
occl: 0
lock: 0
posv: 0.000000 0.000000 0.000000 0.000000
label: person
pos: 417.844613 179.840475 16.231884 38.176854
occl: 0
lock: 0
posv: 0.000000 0.000000 0.000000 0.000000
label: person
pos: 153.875995 180.299015 25.544328 61.411449
occl: 0
lock: 0
posv: 0.000000 0.000000 0.000000 0.000000
label: person
pos: 435.765619 179.115191 17.004831 43.344538
occl: 1
lock: 0
posv: 435.765619 179.115191 17.004831 43.344538
label: person
pos: 446.071819 177.343639 16.645963 44.706694
occl: 0
lock: 0
posv: 0.000000 0.000000 0.000000 0.000000
