setid: 10
volid: 11
frameid: 90
name: 10011000090
num: 3
label: person
pos: 468.096544 177.428421 28.138663 68.020619
occl: 1
lock: 0
posv: 495.155999 177.429716 1.079208 68.019324
label: person
pos: 346.007246 182.528986 18.056527 44.057971
occl: 1
lock: 0
posv: 363.063774 182.528986 1.000000 44.057971
label: person
pos: 444.101412 179.783373 26.715868 66.467427
occl: 1
lock: 0
posv: 469.743429 179.783373 1.073851 66.447665
