setid: 10
volid: 10
frameid: 30
name: 10010000030
num: 1
label: person
pos: 483.935820 182.528986 30.144928 62.772705
occl: 0
lock: 0
posv: 0.000000 0.000000 0.000000 0.000000
