setid: 10
volid: 11
frameid: 1080
name: 10011001080
num: 6
label: people
pos: 244.014202 184.021401 19.555556 20.096618
occl: 0
lock: 0
posv: 0.000000 0.000000 0.000000 0.000000
label: person
pos: 452.206085 169.849937 16.231884 42.057403
occl: 0
lock: 0
posv: 0.000000 0.000000 0.000000 0.000000
label: person
pos: 473.303199 171.284449 16.787830 44.970848
occl: 1
lock: 0
posv: 479.321135 171.284449 1.027847 23.961353
label: person
pos: 220.537807 160.629088 46.662466 88.222099
occl: 0
lock: 0
posv: 0.000000 0.000000 0.000000 0.000000
label: person
pos: 467.746011 168.422381 22.587429 54.202208
occl: 0
lock: 0
posv: 0.000000 0.000000 0.000000 0.000000
label: person
pos: 495.907771 162.922178 22.638222 60.243373
occl: 0
lock: 0
posv: 0.000000 0.000000 0.000000 0.000000
