setid: 10
volid: 10
frameid: 1440
name: 10010001440
num: 3
label: person-fa
pos: 204.638182 158.989925 26.669455 84.543527
occl: 0
lock: 0
posv: 0.000000 0.000000 0.000000 0.000000
label: person-fa
pos: 79.991560 161.562319 20.830350 76.085109
occl: 0
lock: 0
posv: 0.000000 0.000000 0.000000 0.000000
label: person-fa
pos: 59.408536 162.426968 24.372069 79.809889
occl: 0
lock: 0
posv: 0.000000 0.000000 0.000000 0.000000
