setid: 10
volid: 10
frameid: 1710
name: 10010001710
num: 1
label: person
pos: 610.741546 168.836784 26.224983 103.788764
occl: 1
lock: 0
posv: 611.012077 168.836784 25.954451 35.633505
