setid: 10
volid: 10
frameid: 1590
name: 10010001590
num: 3
label: person?
pos: 424.018230 196.505903 17.755231 38.329983
occl: 1
lock: 0
posv: 424.018230 196.505903 14.042109 16.568133
label: person
pos: 118.061574 194.510673 52.794540 78.153407
occl: 1
lock: 1
posv: 120.125216 194.903292 32.029285 35.240987
label: person?
pos: 21.864026 185.900653 49.891738 97.130454
occl: 1
lock: 0
posv: 36.200208 185.987923 35.555556 28.116319
