setid: 10
volid: 10
frameid: 570
name: 10010000570
num: 3
label: people
pos: 326.225490 196.442029 39.420290 30.144928
occl: 0
lock: 0
posv: 0.000000 0.000000 0.000000 0.000000
label: people
pos: 390.615090 196.287440 40.966184 24.734300
occl: 0
lock: 0
posv: 0.000000 0.000000 0.000000 0.000000
label: people
pos: 482.907160 199.791465 13.964573 20.972625
occl: 0
lock: 0
posv: 0.000000 0.000000 0.000000 0.000000
