setid: 10
volid: 11
frameid: 720
name: 10011000720
num: 2
label: person
pos: 565.939337 193.933264 12.398068 24.115942
occl: 0
lock: 0
posv: 0.000000 0.000000 0.000000 0.000000
label: person
pos: 553.544020 193.327808 12.045173 27.555903
occl: 0
lock: 0
posv: 0.000000 0.000000 0.000000 0.000000
