setid: 10
volid: 10
frameid: 540
name: 10010000540
num: 2
label: people
pos: 477.568485 191.804348 39.420290 30.144928
occl: 0
lock: 0
posv: 0.000000 0.000000 0.000000 0.000000
label: people
pos: 541.537624 191.804348 40.966184 24.734300
occl: 0
lock: 0
posv: 0.000000 0.000000 0.000000 0.000000
