setid: 10
volid: 10
frameid: 1290
name: 10010001290
num: 3
label: person-fa
pos: 550.399829 158.108411 26.126314 77.615090
occl: 0
lock: 0
posv: 0.000000 0.000000 0.000000 0.000000
label: person-fa
pos: 440.434072 160.395567 21.051435 69.128588
occl: 0
lock: 0
posv: 0.000000 0.000000 0.000000 0.000000
label: person-fa
pos: 424.239562 160.124793 21.511269 72.003158
occl: 0
lock: 0
posv: 0.000000 0.000000 0.000000 0.000000
