setid: 10
volid: 11
frameid: 1470
name: 10011001470
num: 2
label: people
pos: 90.678596 194.762650 26.027030 29.654281
occl: 0
lock: 0
posv: 0.000000 0.000000 0.000000 0.000000
label: people
pos: 101.625830 191.348507 34.001137 34.088938
occl: 0
lock: 0
posv: 0.000000 0.000000 0.000000 0.000000
