setid: 10
volid: 11
frameid: 150
name: 10011000150
num: 3
label: person
pos: 474.304769 177.321777 27.053140 68.019324
occl: 0
lock: 0
posv: 0.000000 0.000000 0.000000 0.000000
label: person
pos: 346.007246 182.528986 17.004831 44.057971
occl: 1
lock: 0
posv: 349.368577 182.528986 13.608026 44.057971
label: person
pos: 443.664476 178.874170 26.269887 67.993559
occl: 0
lock: 0
posv: 0.000000 0.000000 0.000000 0.000000
