setid: 10
volid: 11
frameid: 240
name: 10011000240
num: 3
label: person
pos: 453.023330 181.698833 32.792839 86.341598
occl: 0
lock: 0
posv: 0.000000 0.000000 0.000000 0.000000
label: person
pos: 403.710408 185.806834 30.448075 79.379483
occl: 0
lock: 0
posv: 0.000000 0.000000 0.000000 0.000000
label: people
pos: 264.847826 191.031401 38.647343 34.782609
occl: 0
lock: 1
posv: 0.000000 0.000000 0.000000 0.000000
