setid: 10
volid: 11
frameid: 1710
name: 10011001710
num: 2
label: person
pos: 180.784598 169.342427 33.357914 79.273515
occl: 0
lock: 0
posv: 0.000000 0.000000 0.000000 0.000000
label: person
pos: 92.356138 181.980392 36.052217 74.016722
occl: 0
lock: 0
posv: 0.000000 0.000000 0.000000 0.000000
