setid: 10
volid: 11
frameid: 780
name: 10011000780
num: 3
label: person
pos: 604.944444 166.297101 35.555556 110.531401
occl: 0
lock: 1
posv: 0.000000 0.000000 0.000000 0.000000
label: person
pos: 269.020677 195.161318 14.514758 26.621563
occl: 0
lock: 0
posv: 0.000000 0.000000 0.000000 0.000000
label: person
pos: 257.342022 194.515686 13.913043 29.813665
occl: 0
lock: 1
posv: 0.000000 0.000000 0.000000 0.000000
