setid: 10
volid: 10
frameid: 1170
name: 10010001170
num: 3
label: person-fa
pos: 593.317100 158.340471 16.775665 51.053786
occl: 1
lock: 0
posv: 599.532500 158.340471 1.000000 36.621556
label: person-fa
pos: 578.859334 155.626909 18.125012 57.252619
occl: 1
lock: 0
posv: 583.018646 155.626909 13.965700 15.937257
label: person
pos: 107.861053 176.249593 30.588306 55.657971
occl: 0
lock: 0
posv: 0.000000 0.000000 0.000000 0.000000
