setid: 10
volid: 10
frameid: 150
name: 10010000150
num: 2
label: person
pos: 534.732737 180.835023 18.681917 43.439803
occl: 0
lock: 0
posv: 0.000000 0.000000 0.000000 0.000000
label: person
pos: 573.073256 174.763400 24.818557 63.469946
occl: 1
lock: 1
posv: 582.908512 175.049163 0.653465 41.327623
