setid: 10
volid: 10
frameid: 450
name: 10010000450
num: 7
label: person
pos: 151.260246 182.943166 19.288063 67.605144
occl: 0
lock: 1
posv: 0.000000 0.000000 0.000000 0.000000
label: person
pos: 128.907076 186.124325 17.776499 62.105144
occl: 0
lock: 1
posv: 0.000000 0.000000 0.000000 0.000000
label: person
pos: 108.726911 179.226627 21.206912 63.612177
occl: 0
lock: 0
posv: 0.000000 0.000000 0.000000 0.000000
label: person
pos: 81.780449 187.305115 21.858216 59.965910
occl: 0
lock: 0
posv: 0.000000 0.000000 0.000000 0.000000
label: person
pos: 38.058539 200.386047 26.300085 51.213555
occl: 0
lock: 0
posv: 0.000000 0.000000 0.000000 0.000000
label: person?
pos: 61.377273 194.075519 19.208740 53.477621
occl: 0
lock: 0
posv: 0.000000 0.000000 0.000000 0.000000
label: person
pos: 161.962214 188.498806 14.064589 65.018045
occl: 0
lock: 0
posv: 0.000000 0.000000 0.000000 0.000000
