setid: 10
volid: 11
frameid: 810
name: 10011000810
num: 4
label: person
pos: 247.002836 189.720752 14.349926 30.850662
occl: 0
lock: 0
posv: 0.000000 0.000000 0.000000 0.000000
label: person
pos: 231.740340 190.246927 13.913043 30.760130
occl: 0
lock: 0
posv: 0.000000 0.000000 0.000000 0.000000
label: person
pos: 500.282558 176.054939 29.107242 61.697178
occl: 0
lock: 0
posv: 0.000000 0.000000 0.000000 0.000000
label: person
pos: 528.372979 180.759117 23.356335 64.005826
occl: 1
lock: 0
posv: 528.372979 181.173061 22.631935 45.314010
