setid: 10
volid: 11
frameid: 1230
name: 10011001230
num: 5
label: people
pos: 201.675485 196.665830 22.774450 22.542566
occl: 0
lock: 0
posv: 0.000000 0.000000 0.000000 0.000000
label: person
pos: 148.550109 203.373449 13.913043 19.704461
occl: 0
lock: 0
posv: 0.000000 0.000000 0.000000 0.000000
label: person
pos: 546.580847 166.133561 52.180023 126.593137
occl: 0
lock: 1
posv: 0.000000 0.000000 0.000000 0.000000
label: person
pos: 521.852013 174.926367 24.204537 66.527740
occl: 0
lock: 1
posv: 0.000000 0.000000 0.000000 0.000000
label: person
pos: 541.856003 172.356267 25.959665 71.895676
occl: 1
lock: 1
posv: 549.712074 172.356267 1.138614 71.895676
