setid: 10
volid: 11
frameid: 840
name: 10011000840
num: 3
label: person
pos: 226.824632 189.399767 15.846046 33.318078
occl: 0
lock: 0
posv: 0.000000 0.000000 0.000000 0.000000
label: person
pos: 206.174647 189.973256 17.465515 35.297469
occl: 0
lock: 0
posv: 0.000000 0.000000 0.000000 0.000000
label: person
pos: 605.933256 162.734815 28.712801 89.396849
occl: 1
lock: 0
posv: 606.107005 162.766526 28.338245 44.734014
