setid: 10
volid: 10
frameid: 1470
name: 10010001470
num: 2
label: person-fa
pos: 97.192349 158.552408 28.419523 87.606146
occl: 0
lock: 0
posv: 0.000000 0.000000 0.000000 0.000000
label: person
pos: 561.832975 119.905976 75.832887 249.661836
occl: 0
lock: 0
posv: 0.000000 0.000000 0.000000 0.000000
