setid: 10
volid: 10
frameid: 900
name: 10010000900
num: 7
label: people
pos: 40.284541 191.786388 22.919778 13.576414
occl: 0
lock: 0
posv: 0.000000 0.000000 0.000000 0.000000
label: person
pos: 5.709649 189.328191 19.354815 41.418802
occl: 1
lock: 0
posv: 8.053111 189.705414 17.011353 13.846941
label: person
pos: 103.760388 194.019315 15.510747 23.961353
occl: 1
lock: 0
posv: 103.760388 194.019315 15.510747 23.961353
label: person
pos: 562.416455 189.943246 21.554844 61.470615
occl: 0
lock: 0
posv: 0.000000 0.000000 0.000000 0.000000
label: person
pos: 580.457886 188.162745 22.706849 66.194260
occl: 0
lock: 0
posv: 0.000000 0.000000 0.000000 0.000000
label: people
pos: 60.305459 193.850725 19.323671 25.507246
occl: 0
lock: 0
posv: 0.000000 0.000000 0.000000 0.000000
label: person
pos: 345.063868 190.718102 22.500781 51.048878
occl: 0
lock: 0
posv: 0.000000 0.000000 0.000000 0.000000
