setid: 10
volid: 10
frameid: 1140
name: 10010001140
num: 3
label: person-fa
pos: 543.157289 151.170077 15.200810 50.390047
occl: 0
lock: 0
posv: 0.000000 0.000000 0.000000 0.000000
label: person-fa
pos: 529.475437 149.870503 15.946061 52.848693
occl: 0
lock: 0
posv: 0.000000 0.000000 0.000000 0.000000
label: person
pos: 145.054419 168.057118 29.588324 52.509591
occl: 0
lock: 0
posv: 0.000000 0.000000 0.000000 0.000000
