setid: 10
volid: 10
frameid: 60
name: 10010000060
num: 2
label: person
pos: 508.509349 182.528986 33.876087 67.756884
occl: 0
lock: 0
posv: 0.000000 0.000000 0.000000 0.000000
label: person
pos: 481.996476 183.203097 20.869565 51.014493
occl: 0
lock: 0
posv: 0.000000 0.000000 0.000000 0.000000
