setid: 10
volid: 11
frameid: 750
name: 10011000750
num: 4
label: person
pos: 544.211978 177.155164 28.173128 77.441914
occl: 0
lock: 0
posv: 0.000000 0.000000 0.000000 0.000000
label: people
pos: 582.417199 172.268098 58.082801 56.999310
occl: 0
lock: 0
posv: 0.000000 0.000000 0.000000 0.000000
label: person
pos: 317.206486 199.886427 12.707246 25.661836
occl: 0
lock: 0
posv: 0.000000 0.000000 0.000000 0.000000
label: person
pos: 303.874529 198.360129 11.569350 26.410176
occl: 0
lock: 0
posv: 0.000000 0.000000 0.000000 0.000000
