setid: 10
volid: 10
frameid: 600
name: 10010000600
num: 5
label: people
pos: 201.471867 199.688406 39.420290 30.144928
occl: 0
lock: 0
posv: 0.000000 0.000000 0.000000 0.000000
label: people
pos: 272.537511 197.987923 40.966184 24.734300
occl: 0
lock: 0
posv: 0.000000 0.000000 0.000000 0.000000
label: person
pos: 155.804168 194.131041 14.685990 36.328502
occl: 0
lock: 0
posv: 0.000000 0.000000 0.000000 0.000000
label: people
pos: 356.829121 200.853032 14.119163 21.281804
occl: 0
lock: 0
posv: 0.000000 0.000000 0.000000 0.000000
label: person
pos: 578.211529 185.253484 23.188406 55.246516
occl: 1
lock: 0
posv: 578.211529 185.253484 19.781132 21.931627
