setid: 10
volid: 10
frameid: 1230
name: 10010001230
num: 2
label: person-fa
pos: 603.383577 164.756218 18.627840 65.210468
occl: 0
lock: 0
posv: 0.000000 0.000000 0.000000 0.000000
label: person-fa
pos: 587.904717 165.160727 20.224282 64.288576
occl: 0
lock: 0
posv: 0.000000 0.000000 0.000000 0.000000
