setid: 10
volid: 11
frameid: 960
name: 10011000960
num: 4
label: person
pos: 31.850679 193.350242 26.280193 59.891333
occl: 0
lock: 0
posv: 0.000000 0.000000 0.000000 0.000000
label: person
pos: 24.206672 199.636118 13.248796 39.799943
occl: 0
lock: 0
posv: 0.000000 0.000000 0.000000 0.000000
label: person
pos: 393.929952 185.461621 14.774327 33.700483
occl: 0
lock: 0
posv: 0.000000 0.000000 0.000000 0.000000
label: person
pos: 125.968870 196.901034 20.466529 41.223833
occl: 0
lock: 0
posv: 0.000000 0.000000 0.000000 0.000000
