setid: 10
volid: 11
frameid: 1410
name: 10011001410
num: 2
label: people
pos: 117.451691 193.303637 22.382495 26.717590
occl: 0
lock: 0
posv: 0.000000 0.000000 0.000000 0.000000
label: people
pos: 97.450592 193.490696 24.734300 30.917874
occl: 0
lock: 0
posv: 0.000000 0.000000 0.000000 0.000000
