setid: 10
volid: 10
frameid: 1050
name: 10010001050
num: 4
label: person-fa
pos: 483.680449 178.118755 9.275362 36.328502
occl: 0
lock: 0
posv: 0.000000 0.000000 0.000000 0.000000
label: person-fa
pos: 471.802046 177.248934 14.207616 35.555556
occl: 0
lock: 0
posv: 0.000000 0.000000 0.000000 0.000000
label: person
pos: 287.340070 183.527767 24.640380 41.612812
occl: 0
lock: 0
posv: 0.000000 0.000000 0.000000 0.000000
label: person
pos: 616.449560 178.337170 23.663967 69.892299
occl: 0
lock: 0
posv: 0.000000 0.000000 0.000000 0.000000
