setid: 10
volid: 11
frameid: 1440
name: 10011001440
num: 3
label: people
pos: 100.849923 194.427707 23.894351 28.540347
occl: 0
lock: 0
posv: 0.000000 0.000000 0.000000 0.000000
label: people
pos: 98.571352 193.994461 24.734300 30.917874
occl: 0
lock: 0
posv: 0.000000 0.000000 0.000000 0.000000
label: person
pos: 460.980336 174.431751 16.601884 47.949148
occl: 0
lock: 0
posv: 0.000000 0.000000 0.000000 0.000000
