setid: 10
volid: 10
frameid: 690
name: 10010000690
num: 6
label: people
pos: 213.169634 200.409823 14.582931 22.209340
occl: 0
lock: 0
posv: 0.000000 0.000000 0.000000 0.000000
label: person
pos: 572.092036 172.394793 24.865291 83.484851
occl: 1
lock: 0
posv: 572.092036 173.253623 21.064969 27.053140
label: person
pos: 130.932186 199.555781 11.635636 23.327436
occl: 0
lock: 0
posv: 0.000000 0.000000 0.000000 0.000000
label: person
pos: 225.223880 183.946055 37.764990 68.148148
occl: 0
lock: 0
posv: 0.000000 0.000000 0.000000 0.000000
label: person
pos: 405.330806 195.642779 17.004831 31.690821
occl: 0
lock: 0
posv: 0.000000 0.000000 0.000000 0.000000
label: person
pos: 435.704826 194.604812 12.063011 31.072464
occl: 0
lock: 0
posv: 0.000000 0.000000 0.000000 0.000000
