setid: 10
volid: 10
frameid: 660
name: 10010000660
num: 7
label: people
pos: 305.366155 193.350242 20.869565 30.144928
occl: 0
lock: 0
posv: 0.000000 0.000000 0.000000 0.000000
label: people
pos: 232.228880 196.248792 14.428341 21.900161
occl: 0
lock: 0
posv: 0.000000 0.000000 0.000000 0.000000
label: person
pos: 512.502147 175.164520 24.113226 64.818518
occl: 1
lock: 0
posv: 512.502147 175.164520 22.200751 21.953838
label: person
pos: 600.861320 167.450299 29.883140 86.801520
occl: 1
lock: 0
posv: 602.875966 167.450299 27.646620 34.812134
label: person
pos: 303.909735 180.117803 32.270559 60.764538
occl: 0
lock: 0
posv: 0.000000 0.000000 0.000000 0.000000
label: person
pos: 396.150306 191.619079 16.980676 31.586151
occl: 0
lock: 0
posv: 0.000000 0.000000 0.000000 0.000000
label: person
pos: 417.325670 191.988873 18.850972 32.873001
occl: 1
lock: 0
posv: 418.258796 196.170522 16.455565 18.148527
