setid: 10
volid: 11
frameid: 1290
name: 10011001290
num: 3
label: people
pos: 182.250984 197.135733 23.815857 23.333902
occl: 0
lock: 0
posv: 0.000000 0.000000 0.000000 0.000000
label: people
pos: 115.713251 199.533816 13.913043 24.734300
occl: 0
lock: 0
posv: 0.000000 0.000000 0.000000 0.000000
label: person
pos: 106.615314 201.901138 13.915915 22.232454
occl: 0
lock: 0
posv: 0.000000 0.000000 0.000000 0.000000
