setid: 10
volid: 10
frameid: 1260
name: 10010001260
num: 2
label: person-fa
pos: 556.376101 165.342427 19.196363 66.655158
occl: 0
lock: 0
posv: 0.000000 0.000000 0.000000 0.000000
label: person-fa
pos: 539.463881 163.709755 20.723318 69.238424
occl: 0
lock: 0
posv: 0.000000 0.000000 0.000000 0.000000
