setid: 10
volid: 10
frameid: 90
name: 10010000090
num: 2
label: person
pos: 559.634839 178.468201 35.151620 76.809768
occl: 0
lock: 0
posv: 0.000000 0.000000 0.000000 0.000000
label: person
pos: 495.100398 183.363882 20.869565 51.014493
occl: 0
lock: 0
posv: 0.000000 0.000000 0.000000 0.000000
