setid: 10
volid: 11
frameid: 1560
name: 10011001560
num: 3
label: people
pos: 83.205314 192.117505 26.945723 30.134129
occl: 0
lock: 1
posv: 0.000000 0.000000 0.000000 0.000000
label: person
pos: 209.156594 182.033573 21.137206 52.311012
occl: 1
lock: 0
posv: 229.293800 182.033573 1.000000 52.311012
label: person
pos: 162.393720 187.913849 23.445336 49.198068
occl: 1
lock: 0
posv: 184.839056 187.913849 1.000000 49.198068
