setid: 10
volid: 11
frameid: 660
name: 10011000660
num: 6
label: people
pos: 0.500000 197.986360 33.236715 49.468599
occl: 0
lock: 1
posv: 0.000000 0.000000 0.000000 0.000000
label: person
pos: 44.474632 191.523357 45.184984 102.110318
occl: 0
lock: 0
posv: 0.000000 0.000000 0.000000 0.000000
label: people
pos: 264.017194 161.156782 113.999351 145.758398
occl: 0
lock: 0
posv: 0.000000 0.000000 0.000000 0.000000
label: person
pos: 68.774322 157.802183 64.667983 151.177193
occl: 0
lock: 0
posv: 0.000000 0.000000 0.000000 0.000000
label: person
pos: 137.886221 178.581581 58.836736 131.239365
occl: 0
lock: 0
posv: 0.000000 0.000000 0.000000 0.000000
label: person
pos: 211.168135 150.900682 62.585567 158.929364
occl: 0
lock: 1
posv: 0.000000 0.000000 0.000000 0.000000
