setid: 10
volid: 11
frameid: 210
name: 10011000210
num: 2
label: person
pos: 460.688610 181.820318 29.481739 77.592754
occl: 0
lock: 0
posv: 0.000000 0.000000 0.000000 0.000000
label: person
pos: 416.428201 184.140637 27.949758 75.384848
occl: 0
lock: 0
posv: 0.000000 0.000000 0.000000 0.000000
