setid: 10
volid: 11
frameid: 540
name: 10011000540
num: 5
label: person
pos: 569.698068 150.473714 69.642512 212.770247
occl: 0
lock: 0
posv: 0.000000 0.000000 0.000000 0.000000
label: people
pos: 226.200483 196.442029 48.695652 45.603865
occl: 0
lock: 1
posv: 0.000000 0.000000 0.000000 0.000000
label: person
pos: 441.434235 151.868760 60.289855 162.318841
occl: 0
lock: 0
posv: 0.000000 0.000000 0.000000 0.000000
label: person
pos: 509.413309 165.761984 53.314889 146.103944
occl: 0
lock: 1
posv: 0.000000 0.000000 0.000000 0.000000
label: person
pos: 595.817446 142.185572 37.267883 178.999629
occl: 1
lock: 0
posv: 611.594982 145.960989 2.772277 175.224213
