setid: 10
volid: 11
frameid: 900
name: 10011000900
num: 5
label: person
pos: 148.918592 191.804348 20.097506 42.080985
occl: 0
lock: 0
posv: 0.000000 0.000000 0.000000 0.000000
label: person
pos: 105.707410 193.061381 20.096618 44.383774
occl: 0
lock: 0
posv: 0.000000 0.000000 0.000000 0.000000
label: person
pos: 94.930371 198.632045 12.169129 23.557869
occl: 0
lock: 0
posv: 0.000000 0.000000 0.000000 0.000000
label: person
pos: 78.726508 197.495232 14.135085 29.203249
occl: 0
lock: 0
posv: 0.000000 0.000000 0.000000 0.000000
label: person
pos: 120.818411 192.899115 16.553394 37.546544
occl: 1
lock: 0
posv: 125.392015 192.899115 10.852580 37.345224
