setid: 10
volid: 10
frameid: 750
name: 10010000750
num: 7
label: people
pos: 0.500000 204.171498 39.909776 34.009662
occl: 0
lock: 0
posv: 0.000000 0.000000 0.000000 0.000000
label: people
pos: 188.064152 198.861466 16.089372 24.446007
occl: 0
lock: 0
posv: 0.000000 0.000000 0.000000 0.000000
label: person
pos: 104.124808 199.658541 12.388521 25.922501
occl: 0
lock: 0
posv: 0.000000 0.000000 0.000000 0.000000
label: person
pos: 9.756197 180.853423 46.010356 102.823103
occl: 0
lock: 0
posv: 0.000000 0.000000 0.000000 0.000000
label: person
pos: 287.998729 197.031649 14.685990 23.961353
occl: 1
lock: 0
posv: 287.998729 197.031649 14.685990 23.961353
label: person
pos: 425.437766 197.251634 19.826087 35.009662
occl: 0
lock: 0
posv: 0.000000 0.000000 0.000000 0.000000
label: person
pos: 446.923188 194.648792 19.323671 35.710145
occl: 0
lock: 0
posv: 0.000000 0.000000 0.000000 0.000000
