setid: 10
volid: 10
frameid: 360
name: 10010000360
num: 7
label: person
pos: 207.339159 190.106706 14.366972 40.008987
occl: 0
lock: 0
posv: 0.000000 0.000000 0.000000 0.000000
label: person
pos: 192.132024 194.625604 14.299517 39.600810
occl: 0
lock: 0
posv: 0.000000 0.000000 0.000000 0.000000
label: person
pos: 180.207587 191.572975 13.694203 37.720801
occl: 0
lock: 0
posv: 0.000000 0.000000 0.000000 0.000000
label: person
pos: 161.209434 194.123188 14.651535 36.344274
occl: 0
lock: 0
posv: 0.000000 0.000000 0.000000 0.000000
label: person
pos: 130.599176 199.618459 19.875776 35.555556
occl: 0
lock: 0
posv: 0.000000 0.000000 0.000000 0.000000
label: person?
pos: 146.771277 195.667981 13.385266 35.308806
occl: 1
lock: 0
posv: 151.057270 195.667981 9.099273 34.784021
label: person
pos: 215.224153 192.263062 10.653443 40.608570
occl: 0
lock: 0
posv: 0.000000 0.000000 0.000000 0.000000
