setid: 10
volid: 10
frameid: 1020
name: 10010001020
num: 5
label: person-fa
pos: 523.556232 174.889179 8.193237 32.541063
occl: 0
lock: 0
posv: 0.000000 0.000000 0.000000 0.000000
label: person
pos: 117.776215 189.104717 15.458937 29.046817
occl: 0
lock: 1
posv: 0.000000 0.000000 0.000000 0.000000
label: person-fa
pos: 523.184756 175.031401 1.000000 34.473430
occl: 0
lock: 1
posv: 0.000000 0.000000 0.000000 0.000000
label: person
pos: 362.478012 181.973797 20.560138 37.623993
occl: 1
lock: 1
posv: 378.808112 181.973797 1.000000 37.241155
label: person
pos: 612.673913 175.572464 27.053140 58.743961
occl: 1
lock: 0
posv: 612.673913 175.572464 27.053140 58.743961
