setid: 10
volid: 10
frameid: 810
name: 10010000810
num: 7
label: people
pos: 138.084541 197.702046 17.832055 24.623473
occl: 0
lock: 0
posv: 0.000000 0.000000 0.000000 0.000000
label: person
pos: 42.588501 195.878914 17.843706 29.348031
occl: 0
lock: 0
posv: 0.000000 0.000000 0.000000 0.000000
label: person
pos: 426.632424 197.595766 13.140097 24.734300
occl: 0
lock: 1
posv: 0.000000 0.000000 0.000000 0.000000
label: person
pos: 444.171498 195.669082 11.501076 34.009662
occl: 0
lock: 1
posv: 0.000000 0.000000 0.000000 0.000000
label: person
pos: 214.978829 194.095340 14.685990 23.961353
occl: 0
lock: 0
posv: 0.000000 0.000000 0.000000 0.000000
label: person
pos: 450.621133 194.771872 18.635749 41.288381
occl: 1
lock: 1
posv: 458.441143 194.771872 0.653465 41.106309
label: person
pos: 467.788260 196.660171 17.273610 38.986803
occl: 0
lock: 0
posv: 0.000000 0.000000 0.000000 0.000000
