setid: 10
volid: 11
frameid: 600
name: 10011000600
num: 6
label: people
pos: 201.466184 198.297101 48.695652 48.695652
occl: 0
lock: 0
posv: 0.000000 0.000000 0.000000 0.000000
label: person
pos: 328.454782 189.567366 40.323102 103.134087
occl: 0
lock: 0
posv: 0.000000 0.000000 0.000000 0.000000
label: people
pos: 563.101008 166.296940 72.282255 133.083561
occl: 0
lock: 0
posv: 0.000000 0.000000 0.000000 0.000000
label: person
pos: 372.610286 160.672427 60.289855 146.027499
occl: 0
lock: 0
posv: 0.000000 0.000000 0.000000 0.000000
label: person
pos: 427.338969 170.962963 50.241546 136.769807
occl: 0
lock: 0
posv: 0.000000 0.000000 0.000000 0.000000
label: person
pos: 499.381982 149.658812 53.393996 158.440632
occl: 0
lock: 0
posv: 0.000000 0.000000 0.000000 0.000000
