setid: 10
volid: 10
frameid: 720
name: 10010000720
num: 7
label: people
pos: 23.062092 202.934783 47.149758 34.009662
occl: 0
lock: 0
posv: 0.000000 0.000000 0.000000 0.000000
label: person
pos: 292.621398 202.107559 10.821256 16.231884
occl: 0
lock: 0
posv: 0.000000 0.000000 0.000000 0.000000
label: people
pos: 202.449133 203.012077 14.685990 22.415459
occl: 0
lock: 0
posv: 0.000000 0.000000 0.000000 0.000000
label: person
pos: 116.649865 201.445725 15.458937 25.736607
occl: 1
lock: 0
posv: 125.895820 201.445725 1.000000 24.149768
label: person
pos: 130.356813 186.424908 50.240125 80.681444
occl: 0
lock: 0
posv: 0.000000 0.000000 0.000000 0.000000
label: person
pos: 414.290500 196.659669 17.513886 33.029914
occl: 0
lock: 0
posv: 0.000000 0.000000 0.000000 0.000000
label: person
pos: 442.657040 197.183067 14.048348 33.391304
occl: 1
lock: 0
posv: 442.657040 197.183067 13.559305 27.663925
