setid: 10
volid: 11
frameid: 510
name: 10011000510
num: 4
label: person
pos: 510.490338 165.314294 68.637681 178.296817
occl: 0
lock: 0
posv: 0.000000 0.000000 0.000000 0.000000
label: people
pos: 236.120750 196.619781 48.695652 45.603865
occl: 0
lock: 0
posv: 0.000000 0.000000 0.000000 0.000000
label: person
pos: 484.741892 149.009716 60.289855 172.867848
occl: 1
lock: 1
posv: 484.741892 149.009716 42.486512 161.854716
label: person
pos: 565.673693 162.194537 46.353772 155.787015
occl: 0
lock: 0
posv: 0.000000 0.000000 0.000000 0.000000
