setid: 10
volid: 10
frameid: 1560
name: 10010001560
num: 2
label: person
pos: 431.430601 191.864723 45.926675 66.588592
occl: 1
lock: 0
posv: 438.062408 192.100622 30.014450 28.601193
label: person?
pos: 352.928768 186.538869 39.251278 80.089295
occl: 1
lock: 0
posv: 362.811075 186.538869 29.368971 22.540834
