setid: 10
volid: 11
frameid: 1200
name: 10011001200
num: 6
label: people
pos: 213.543346 193.107054 21.354349 21.463471
occl: 0
lock: 0
posv: 0.000000 0.000000 0.000000 0.000000
label: person
pos: 172.050237 199.219470 13.913043 18.550725
occl: 0
lock: 0
posv: 0.000000 0.000000 0.000000 0.000000
label: person
pos: 480.975265 174.638763 18.562893 53.716356
occl: 1
lock: 0
posv: 490.208878 175.318977 1.500987 44.730146
label: person
pos: 469.678744 164.723359 47.724354 114.009804
occl: 0
lock: 0
posv: 0.000000 0.000000 0.000000 0.000000
label: person
pos: 502.072932 174.850514 25.738513 59.001134
occl: 0
lock: 0
posv: 0.000000 0.000000 0.000000 0.000000
label: person
pos: 524.941853 172.195852 25.959665 65.985780
occl: 0
lock: 0
posv: 0.000000 0.000000 0.000000 0.000000
