setid: 10
volid: 10
frameid: 780
name: 10010000780
num: 5
label: people
pos: 165.393199 197.702046 17.576537 24.623473
occl: 0
lock: 0
posv: 0.000000 0.000000 0.000000 0.000000
label: person
pos: 79.357347 192.720702 15.082294 27.694305
occl: 0
lock: 0
posv: 0.000000 0.000000 0.000000 0.000000
label: person
pos: 250.909381 194.526057 14.685990 23.961353
occl: 1
lock: 0
posv: 250.909381 194.526057 14.685990 23.961353
label: person
pos: 441.407641 195.559131 15.059441 36.555877
occl: 0
lock: 0
posv: 0.000000 0.000000 0.000000 0.000000
label: person
pos: 457.656635 196.943194 17.961864 37.712305
occl: 0
lock: 0
posv: 0.000000 0.000000 0.000000 0.000000
