setid: 10
volid: 10
frameid: 1620
name: 10010001620
num: 1
label: person?
pos: 210.484614 193.821032 19.968844 44.001875
occl: 1
lock: 0
posv: 212.115674 193.951422 18.337784 17.176597
