setid: 10
volid: 10
frameid: 1380
name: 10010001380
num: 3
label: person-fa
pos: 274.217391 157.691958 24.375817 82.808042
occl: 0
lock: 0
posv: 0.000000 0.000000 0.000000 0.000000
label: person-fa
pos: 153.871334 162.785197 20.309406 75.806849
occl: 0
lock: 0
posv: 0.000000 0.000000 0.000000 0.000000
label: person-fa
pos: 132.418965 159.881489 22.194160 79.726649
occl: 0
lock: 0
posv: 0.000000 0.000000 0.000000 0.000000
