setid: 10
volid: 11
frameid: 120
name: 10011000120
num: 3
label: person
pos: 472.648942 178.384327 27.053140 68.019324
occl: 0
lock: 0
posv: 0.000000 0.000000 0.000000 0.000000
label: person
pos: 346.007246 182.528986 17.004831 44.081429
occl: 1
lock: 0
posv: 361.101390 182.528986 1.000000 44.081429
label: person
pos: 445.559509 178.204979 25.960709 47.468424
occl: 0
lock: 1
posv: 0.000000 0.000000 0.000000 0.000000
