setid: 10
volid: 11
frameid: 1260
name: 10011001260
num: 4
label: people
pos: 193.227723 197.798258 23.815857 23.333902
occl: 0
lock: 0
posv: 0.000000 0.000000 0.000000 0.000000
label: people
pos: 115.050725 199.533816 13.913043 24.734300
occl: 0
lock: 0
posv: 0.000000 0.000000 0.000000 0.000000
label: person
pos: 129.277494 203.359335 13.913043 20.281330
occl: 0
lock: 1
posv: 0.000000 0.000000 0.000000 0.000000
label: person
pos: 585.151392 167.648906 32.095448 83.083369
occl: 0
lock: 0
posv: 0.000000 0.000000 0.000000 0.000000
