setid: 10
volid: 11
frameid: 1500
name: 10011001500
num: 2
label: people
pos: 86.375342 194.904357 26.929318 30.125560
occl: 0
lock: 0
posv: 0.000000 0.000000 0.000000 0.000000
label: people
pos: 113.760240 188.712560 42.804632 37.101449
occl: 0
lock: 0
posv: 0.000000 0.000000 0.000000 0.000000
