setid: 10
volid: 11
frameid: 390
name: 10011000390
num: 3
label: person
pos: 578.076812 162.330151 52.966547 135.584342
occl: 0
lock: 0
posv: 0.000000 0.000000 0.000000 0.000000
label: person
pos: 407.982265 176.183518 45.619184 118.886530
occl: 0
lock: 0
posv: 0.000000 0.000000 0.000000 0.000000
label: people
pos: 234.896135 195.340580 44.774960 42.743961
occl: 0
lock: 0
posv: 0.000000 0.000000 0.000000 0.000000
