setid: 10
volid: 10
frameid: 930
name: 10010000930
num: 3
label: person
pos: 196.532625 188.464675 12.381956 23.159187
occl: 0
lock: 0
posv: 0.000000 0.000000 0.000000 0.000000
label: people
pos: 42.347898 193.071427 19.323671 25.507246
occl: 0
lock: 0
posv: 0.000000 0.000000 0.000000 0.000000
label: person
pos: 368.541208 181.068925 27.742796 64.977437
occl: 0
lock: 0
posv: 0.000000 0.000000 0.000000 0.000000
