setid: 10
volid: 11
frameid: 930
name: 10011000930
num: 5
label: person
pos: 95.170345 194.999538 21.282283 49.851930
occl: 0
lock: 0
posv: 0.000000 0.000000 0.000000 0.000000
label: person
pos: 33.139102 194.515345 22.415459 55.359619
occl: 0
lock: 0
posv: 0.000000 0.000000 0.000000 0.000000
label: person
pos: 74.057782 199.582315 13.964573 29.990338
occl: 0
lock: 0
posv: 0.000000 0.000000 0.000000 0.000000
label: person
pos: 50.421000 200.665956 16.578241 32.224306
occl: 1
lock: 0
posv: 54.711884 202.602118 12.287357 29.289716
label: person
pos: 119.888138 196.442029 16.429668 37.101449
occl: 0
lock: 0
posv: 0.000000 0.000000 0.000000 0.000000
