setid: 10
volid: 11
frameid: 1680
name: 10011001680
num: 4
label: person
pos: 281.768587 176.454314 30.752629 71.427002
occl: 0
lock: 0
posv: 0.000000 0.000000 0.000000 0.000000
label: person
pos: 198.458056 188.425490 35.862575 69.053510
occl: 0
lock: 0
posv: 0.000000 0.000000 0.000000 0.000000
label: person
pos: 11.179170 203.436061 14.685990 38.647343
occl: 0
lock: 0
posv: 0.000000 0.000000 0.000000 0.000000
label: person
pos: 24.892779 205.388111 13.259873 33.236715
occl: 0
lock: 0
posv: 0.000000 0.000000 0.000000 0.000000
