setid: 10
volid: 11
frameid: 1140
name: 10011001140
num: 7
label: people
pos: 229.751492 185.475277 19.555556 20.096618
occl: 0
lock: 0
posv: 0.000000 0.000000 0.000000 0.000000
label: person
pos: 191.822582 191.031401 13.913043 18.550725
occl: 1
lock: 0
posv: 191.822582 191.031401 13.913043 18.550725
label: person
pos: 459.337738 169.005399 16.346660 42.469295
occl: 1
lock: 1
posv: 464.860661 171.540053 10.823737 39.934642
label: person
pos: 482.537025 169.351009 18.634204 48.302443
occl: 1
lock: 1
posv: 490.907125 170.180239 0.376238 23.961353
label: person
pos: 343.746632 154.337555 57.198068 114.009804
occl: 0
lock: 0
posv: 0.000000 0.000000 0.000000 0.000000
label: person
pos: 486.796227 167.007442 23.915210 58.499361
occl: 0
lock: 0
posv: 0.000000 0.000000 0.000000 0.000000
label: person
pos: 515.229607 162.452484 25.959665 65.591787
occl: 0
lock: 1
posv: 0.000000 0.000000 0.000000 0.000000
