setid: 10
volid: 11
frameid: 1110
name: 10011001110
num: 7
label: people
pos: 236.836838 184.573506 19.555556 20.096618
occl: 0
lock: 0
posv: 0.000000 0.000000 0.000000 0.000000
label: person
pos: 209.195652 187.939614 13.913043 18.550725
occl: 0
lock: 1
posv: 0.000000 0.000000 0.000000 0.000000
label: person
pos: 461.239768 169.005399 14.329854 42.057403
occl: 0
lock: 0
posv: 0.000000 0.000000 0.000000 0.000000
label: person
pos: 475.645089 170.336305 15.315006 44.661506
occl: 1
lock: 0
posv: 483.629394 170.732344 1.060403 23.961353
label: person
pos: 273.467864 153.571747 56.240286 103.849068
occl: 0
lock: 0
posv: 0.000000 0.000000 0.000000 0.000000
label: person
pos: 477.685877 165.780181 23.915210 59.936336
occl: 0
lock: 0
posv: 0.000000 0.000000 0.000000 0.000000
label: person
pos: 511.909463 160.548038 25.959665 65.591787
occl: 0
lock: 1
posv: 0.000000 0.000000 0.000000 0.000000
