setid: 10
volid: 10
frameid: 1650
name: 10010001650
num: 1
label: person?
pos: 79.505902 193.208141 20.891643 48.931206
occl: 1
lock: 0
posv: 79.505902 193.208141 17.489694 17.074184
