setid: 10
volid: 10
frameid: 1200
name: 10010001200
num: 3
label: person-fa
pos: 608.260835 165.640611 17.580298 62.407369
occl: 0
lock: 0
posv: 0.000000 0.000000 0.000000 0.000000
label: person-fa
pos: 588.973709 161.548007 20.252490 64.891981
occl: 1
lock: 0
posv: 588.973709 161.548007 20.195018 62.256341
label: person
pos: 18.008383 187.509804 30.588306 57.756891
occl: 0
lock: 0
posv: 0.000000 0.000000 0.000000 0.000000
